300 0 0 1 12
2
8
5
3
3
9
3
7
2
3
4
4
9
5
7
9
3
5
7
2
2
9
9
5
6
5
4
2
7
8
5
7
6
7
7
2
3
6
5
2
6
5
3
6
7
2
6
3
3
9
2
9
7
6
4
4
6
2
4
5
4
7
4
4
6
7
6
7
6
4
3
5
7
3
2
6
3
5
7
5
4
5
7
7
5
2
7
2
3
6
7
2
5
9
4
5
3
4
6
7
7
3
6
7
2
2
2
4
9
4
4
2
8
2
9
5
3
6
5
6
5
5
2
4
2
4
2
2
5
5
5
2
4
5
4
7
2
5
4
2
6
2
5
8
5
9
3
9
5
2
9
4
6
9
8
3
8
6
5
7
9
6
7
3
5
2
5
6
6
3
8
8
3
9
6
4
4
6
4
6
6
4
4
2
7
5
3
7
3
2
7
4
5
2
9
2
8
8
5
5
2
3
4
2
4
2
5
2
9
7
3
2
4
8
4
7
3
5
4
6
7
5
5
7
7
3
6
6
5
5
8
2
6
2
6
6
4
3
8
5
8
4
4
6
9
9
6
6
2
4
4
5
4
9
2
5
2
4
7
3
7
2
8
5
5
5
5
8
2
5
2
2
3
4
4
4
4
8
8
6
6
5
5
6
5
2
7
5
9
7
2
5
2
5
2
3
3
17
6
0
299 2212 40.53
36 6256 597.90
32 6005 542.74
200 6342 58.10
225 7454 631.90
273 7651 424.15
93 3852 842.42
86 2289 906.40
158 7658 423.73
227 9549 655.87
197 175 930.50
265 1298 345.04
80 2753 255.36
16 7075 445.23
131 7954 790.40
93 4564 695.72
233 329 558.12
192 8398 288.14
119 9212 146.67
98 5615 579.68
60 6268 564.99
268 2710 147.27
176 6223 151.02
65 2838 20.91
90 1978 554.85
95 3473 687.64
202 5430 388.76
23 5209 928.86
289 3748 180.61
261 8229 190.72
199 7724 476.69
206 1385 257.83
129 3669 980.43
4 1150 985.49
198 1139 160.38
125 2527 670.40
204 3911 768.00
209 4242 838.34
163 6745 173.38
192 249 130.90
276 6851 317.41
281 6632 882.98
260 5293 400.40
17 1122 418.46
229 6700 516.42
175 7551 495.55
151 5770 116.32
238 3026 758.12
263 1774 144.75
157 4176 214.86
252 2732 196.01
156 2917 596.32
129 30 843.12
7 4404 864.03
82 944 529.98
210 7346 540.74
38 2878 533.53
10 2102 116.90
93 6679 950.32
272 5417 797.76
252 1533 279.07
119 2882 553.55
5 8894 302.15
54 9202 3.74
272 3954 70.79
80 8232 199.00
178 5827 48.25
97 6065 414.12
149 7594 892.44
108 972 408.91
208 8974 773.26
80 9566 693.48
269 2138 76.04
283 8933 6.63
90 562 275.28
186 1488 673.87
272 7338 903.50
247 3343 331.09
145 4920 227.40
113 2403 803.58
297 1328 601.35
115 6101 748.27
69 6048 665.60
69 2373 155.37
206 1858 605.38
142 1768 486.16
201 1719 49.98
218 8237 685.00
46 8000 712.70
141 5054 737.90
279 2184 564.70
127 929 335.73
102 3744 997.02
218 8997 839.92
176 6642 851.37
124 1873 662.46
221 2226 785.64
153 4940 805.18
160 1641 405.65
141 6033 801.60
67 9515 626.36
32 7399 97.53
212 8240 831.40
239 9980 570.51
201 9175 600.14
176 1742 454.23
292 4474 741.20
242 1834 375.08
112 3264 102.53
29 3267 590.64
160 5889 969.89
289 258 104.00
95 4677 276.73
42 5849 645.77
96 8100 445.15
238 9067 575.36
282 3512 687.19
55 9700 717.76
224 1554 960.39
196 89 775.49
288 4135 507.34
153 8381 952.16
136 4273 104.18
68 5491 827.30
101 3019 487.68
60 4655 275.32
98 1130 624.27
233 7132 341.89
117 6692 786.24
27 8699 71.16
274 3223 500.36
216 2790 57.53
296 162 404.90
170 460 669.01
47 7147 596.73
49 515 487.75
272 9137 306.76
65 8844 687.33
298 2316 37.30
136 2324 560.91
37 8805 860.60
178 2802 105.98
215 5179 378.98
130 2525 420.18
101 8890 966.67
256 2674 451.19
269 2345 394.21
279 1925 454.64
272 6940 624.21
191 6269 830.79
213 4002 255.72
12 1356 4.75
102 882 453.04
56 5157 596.44
282 9079 980.23
101 2300 126.43
247 942 331.79
261 9097 108.12
208 4749 491.99
19 544 329.65
93 6649 185.01
33 7507 648.94
83 9626 331.71
172 9313 702.09
84 9266 198.90
18 2937 983.37
292 4308 95.28
51 2857 334.59
39 4656 949.97
222 4141 126.82
243 57 488.70
236 2752 751.81
138 6443 574.07
121 9724 444.82
212 7074 10.24
207 768 650.62
210 3278 731.66
86 2448 992.92
202 2392 589.06
283 1323 943.20
81 7514 542.58
180 273 331.79
188 5942 910.99
221 6601 280.84
232 4422 647.59
119 3661 740.43
16 2473 181.55
270 756 680.58
63 4703 814.00
20 2844 148.53
85 2506 619.95
159 8919 222.70
104 5056 78.05
164 5162 696.69
46 8079 686.73
287 1828 503.04
154 7547 776.26
35 5881 552.82
172 1462 461.85
165 9568 822.85
70 2076 206.36
244 1236 444.57
120 32 575.66
134 426 609.22
75 7783 454.36
174 7738 908.13
179 6839 405.28
262 4217 738.37
50 6685 938.67
175 9964 269.85
3 2430 228.63
299 2531 261.00
58 6574 842.64
168 8858 811.07
31 4673 908.54
123 6529 955.69
67 3050 685.84
220 9398 357.16
211 338 665.53
289 2002 924.23
180 5789 10.53
298 8671 35.25
269 3970 924.92
245 9379 703.76
280 3217 596.37
108 5746 466.51
170 5005 557.41
116 9354 897.81
256 139 997.07
142 8491 453.59
271 5373 782.35
267 5223 926.83
214 2575 791.42
87 3390 918.07
142 4670 660.43
101 3950 554.25
11 4371 143.03
181 7160 749.77
174 7955 789.60
160 7416 476.86
13 3794 321.41
89 3177 477.47
206 4698 282.50
190 5354 902.23
134 8635 602.06
213 8473 340.83
140 1981 400.41
240 4074 785.30
108 8064 912.40
68 3741 456.94
82 3035 504.24
266 4896 867.55
80 9238 391.94
102 9490 294.55
268 2650 203.63
15 7264 480.13
275 857 469.96
264 3721 506.97
242 8636 42.79
80 626 996.67
17 4780 637.36
73 8574 697.27
86 6701 602.62
212 9283 664.67
233 7874 468.10
21 3251 318.85
215 8470 666.25
126 8309 112.92
106 8790 826.40
148 1640 122.65
113 2257 703.94
171 9025 591.44
236 5637 53.02
90 6328 317.08
178 8671 123.23
74 2664 317.91
75 3606 364.21
117 6282 297.06
29 1285 608.84
206 2657 996.03
150 9079 898.69
120 8420 747.93
291 4200 449.79
62 1230 901.95
214 8796 513.74
117 7754 209.80
133 8487 885.65
222 257 850.92
180 530 26.08
91 862 738.24
33 7083 500.19
97 2343 94.58
41 3430 900.85
239 2013 844.83
70 5171 638.89
72 497 956.45
48 5046 244.31
84 8445 432.66
202 7727 695.62
166 2073 673.31
171 161 582.23
283 9707 372.59
9 2859 290.60
75 7179 50.86
234 4419 626.67
108 8095 572.99
226 1328 320.57
66 2839 828.26
244 4034 768.12
232 3919 609.08
150 1994 957.50
294 5443 979.41
265 4069 237.36
36 129 185.31
30 844 818.27
177 4395 546.72
250 8877 549.35
102 2712 680.52
5 335 340.53
269 8666 744.23
112 8715 834.83
24 7051 970.05
90 512 494.48
78 9226 947.90
215 8481 966.70
112 7799 985.93
211 9881 415.51
8 1522 181.96
198 5426 715.33
270 6643 777.56
18 838 448.63
270 9164 510.22
159 8059 771.42
86 8577 501.13
182 9914 610.27
92 6349 604.01
160 4263 771.79
143 8914 427.64
134 9187 788.06
133 8883 489.17
10 176 1.58
111 3057 77.73
276 404 652.02
226 6671 167.66
14 5847 78.72
300 1669 388.27
204 6496 242.83
264 9037 800.88
234 4680 74.35
27 9129 257.97
138 3012 259.05
126 8590 732.65
252 1111 616.19
43 9032 495.94
9 2647 964.95
50 3128 854.28
148 8211 613.17
129 811 718.10
283 623 543.63
272 6418 402.36
75 793 994.55
148 6084 153.81
97 9603 510.20
264 8922 568.76
131 9209 413.39
39 384 835.10
156 3656 132.71
193 196 716.93
122 4620 885.15
52 2568 615.72
279 2679 598.76
285 9384 494.73
30 9447 598.95
272 2302 281.98
297 9954 431.55
143 5062 285.02
71 9886 825.01
105 8146 979.77
256 6138 347.50
95 8110 42.87
172 2837 505.60
54 750 397.61
95 6019 681.46
36 9344 29.39
212 5194 710.84
23 3636 845.91
103 9011 468.05
56 9781 140.47
53 8297 371.83
261 2083 78.01
21 9728 466.02
242 9629 979.04
107 3909 338.11
186 8466 220.30
166 4010 89.71
257 4129 551.75
283 507 420.07
200 5927 956.20
87 8981 673.41
115 5562 145.50
31 6329 143.53
235 5050 244.16
263 1566 423.12
44 7166 981.81
117 769 811.87
106 2783 125.09
199 5920 364.97
66 5849 755.84
115 7813 7.51
227 8365 557.21
230 2295 423.65
166 4772 447.07
72 478 931.92
84 5550 233.31
109 327 992.19
176 9983 724.45
132 9858 866.06
284 3920 629.76
50 6651 131.07
257 4611 171.08
133 6938 26.88
129 8624 475.55
244 5536 828.39
79 9158 425.60
98 4874 339.14
22 5333 259.01
127 6468 670.04
144 6570 382.57
166 8159 710.51
178 9036 681.16
30 7587 625.74
265 3074 135.10
92 7588 137.35
51 7266 99.71
156 9192 533.83
122 8238 300.39
31 7751 632.98
147 6715 238.65
165 7042 234.41
98 9853 797.75
71 2781 793.64
32 8169 783.69
23 8342 253.63
232 1008 664.49
29 6568 979.46
165 7146 458.30
237 3717 142.87
276 1942 180.60
74 5952 95.67
164 4261 190.27
288 45 39.29
236 1831 854.01
142 4829 582.27
96 5444 680.38
84 2445 192.65
48 8701 821.19
32 3101 191.95
283 6994 389.27
121 6640 739.74
183 8063 448.41
231 5872 421.96
52 602 846.55
123 7198 142.55
161 714 195.01
16 5210 918.21
283 3935 410.59
29 8327 372.79
36 7993 649.78
215 8568 398.28
230 1079 741.60
274 2526 255.23
253 8629 394.56
212 6034 739.83
284 1646 80.33
264 8625 512.45
51 172 914.28
235 9728 829.41
270 4310 26.86
171 7293 399.46
113 8088 646.65
290 5635 604.81
88 685 820.63
28 5786 48.19
24 4720 226.99
31 7334 453.82
130 5273 195.64
76 6782 783.69
140 3350 413.72
81 4682 573.99
300 2615 893.55
92 6262 839.14
101 7304 709.06
195 5423 789.63
81 7717 140.09
59 9966 298.87
290 7502 358.82
256 3821 687.92
175 9606 320.68
113 3743 970.22
66 6344 325.89
23 3647 563.44
43 2726 233.83
247 8628 470.42
67 5983 112.69
213 6231 53.91
194 8548 221.90
276 5911 87.38
279 4874 852.88
11 1279 644.22
47 1287 834.52
14 1649 230.35
164 2089 248.90
242 65 444.61
260 2783 437.95
172 4209 317.93
77 7043 750.13
140 4022 432.63
146 191 790.75
182 2240 885.45
94 594 368.38
35 7878 838.11
279 5900 377.47
140 1796 91.23
51 7617 682.27
171 6221 70.13
40 3826 276.15
238 8527 12.73
201 9434 730.44
273 1850 848.29
132 3959 207.51
9 2130 92.64
123 1979 295.25
275 8785 582.99
239 5842 830.96
17 9358 181.91
64 6530 420.16
153 7545 578.10
34 8432 318.54
155 3221 926.56
94 874 428.87
266 656 788.83
203 7044 148.63
34 7649 359.27
43 8997 63.64
21 3335 29.28
251 9362 545.72
42 9016 415.88
280 6703 947.77
179 21 499.82
285 8033 352.08
264 2914 860.14
26 5416 121.95
139 2798 357.98
281 2656 122.53
276 7125 976.50
158 5274 151.84
31 6617 794.24
252 7701 91.94
184 4221 854.16
143 4073 182.13
221 2164 269.33
155 2773 789.29
296 1343 650.94
292 3380 663.05
8 9602 267.61
50 1648 4.58
199 3726 247.59
258 5479 480.53
94 3881 705.50
251 2509 118.34
291 6577 462.52
174 5475 459.93
136 2492 93.98
184 6659 932.71
233 6871 286.91
241 536 456.19
281 4301 787.10
145 276 890.52
269 3905 636.51
65 6895 516.85
69 5080 563.71
151 7280 985.91
137 659 199.79
192 7148 543.67
113 7301 696.00
143 6490 698.99
61 7125 301.26
156 216 800.50
47 2952 857.51
81 3004 842.94
181 5121 547.22
82 709 41.14
198 3392 517.07
269 8460 788.72
158 5223 92.82
296 4393 562.77
3 6910 695.94
26 221 100.10
206 7427 961.06
205 323 638.42
74 34 627.03
199 4145 963.35
50 4715 857.12
78 1421 164.66
264 2496 902.09
87 2285 548.19
61 8626 681.47
201 5402 227.84
99 6866 943.47
260 3896 994.09
195 2507 531.25
62 9352 290.67
219 7371 856.19
136 7299 581.66
270 5591 324.20
94 2038 32.99
210 1822 466.98
198 4305 671.02
283 5070 522.64
110 8445 434.53
188 7333 509.72
296 8556 662.82
170 3773 759.13
92 3696 382.14
81 3772 59.32
42 2679 419.64
86 7454 429.50
12 3756 905.04
171 9581 229.41
77 869 618.85
20 5645 207.68
186 6812 814.15
73 2162 546.23
56 8899 700.74
236 868 915.58
21 1860 384.82
7 776 448.36
234 5908 851.93
154 6083 40.31
265 6765 651.20
162 8963 704.17
292 8566 536.28
213 7023 604.55
168 7485 831.40
25 7056 266.67
91 7743 764.96
294 4308 944.89
4 5190 310.04
27 3719 490.09
3 8940 619.61
200 6412 788.39
224 2191 925.43
273 4724 739.26
9 6462 244.86
172 4789 502.39
244 9633 507.88
67 4941 170.32
117 9823 413.05
110 6572 752.07
250 8563 914.80
156 66 667.82
244 3880 126.64
167 613 982.64
16 9581 870.17
39 3765 752.32
175 538 724.84
255 2159 973.82
187 323 696.36
286 9467 984.67
172 8960 403.53
133 6537 785.11
135 2239 461.80
173 6913 908.51
180 2494 550.15
234 9791 935.75
85 2556 820.84
194 2220 734.40
105 6466 932.75
74 2228 683.93
121 9034 105.99
73 762 260.61
172 2801 16.94
22 6789 977.72
171 4563 857.70
190 9366 443.60
238 2149 405.42
101 9343 758.24
124 7996 356.43
41 9049 830.22
272 9454 489.76
264 1240 770.25
253 1765 281.29
240 6006 187.74
255 228 710.48
120 1217 64.50
127 3370 797.77
298 5037 750.20
77 7319 429.51
54 2989 587.24
106 8798 463.08
181 8502 394.35
238 8560 30.04
220 2096 61.02
5 4485 597.22
18 826 798.05
22 9684 857.55
186 5649 529.38
15 2252 554.03
294 9688 418.11
29 6846 820.43
107 4468 979.37
42 5619 646.19
124 5751 291.40
233 3404 323.55
18 9398 976.53
169 1183 319.49
231 1267 558.25
232 6205 737.52
240 4743 807.39
16 1648 799.56
33 217 73.69
147 3478 583.60
86 5469 161.59
202 2617 661.04
126 446 619.71
175 9842 259.89
241 6398 923.09
272 1908 576.15
207 7914 482.54
190 4803 193.27
157 7078 54.68
135 5468 112.19
114 6641 943.89
89 3933 649.30
57 8402 107.56
63 5746 396.89
181 8738 349.46
53 3401 635.54
6 8356 529.92
100 6735 726.42
54 5231 6.59
152 4472 452.88
219 6553 951.57
21 3923 477.34
85 1513 69.11
288 5197 587.67
138 5483 154.55
194 226 492.08
165 7651 500.43
267 7152 607.48
250 5137 490.47
188 1191 143.09
57 4834 57.59
46 1545 793.85
50 6216 519.38
2 82 806.83
55 3544 2.35
244 569 488.28
124 5960 621.15
288 6539 993.66
136 7401 816.74
290 9313 932.54
168 6578 226.45
28 1341 242.43
278 7167 336.94
5 4901 266.02
195 5229 291.02
138 5214 782.15
204 3812 42.42
282 8421 118.52
238 1158 568.14
191 4758 8.10
214 4717 754.06
285 2245 221.46
300 8102 779.76
215 4573 840.16
24 1349 920.35
187 419 531.55
280 4625 780.07
198 7972 215.18
161 6577 69.59
175 2483 999.76
217 1028 164.25
97 249 53.07
143 6375 923.91
212 8861 353.50
228 8638 949.01
254 6480 127.87
27 6377 438.31
141 6162 418.54
297 6541 860.85
8 1384 423.06
211 8422 665.92
182 7600 981.05
93 1400 384.65
171 2773 290.58
6 8432 358.31
251 278 774.16
111 458 522.15
175 1151 103.41
86 3745 431.50
110 8432 451.43
210 9590 221.97
103 5625 68.28
239 5719 371.48
58 7145 928.45
291 5573 621.23
103 1529 643.11
108 2436 972.93
96 3471 469.04
36 717 154.79
184 7093 320.12
65 8766 378.11
235 9635 483.76
294 2302 623.02
194 8125 718.96
275 3866 735.87
202 4122 94.78
125 4761 600.04
147 1435 66.20
169 7680 752.73
120 7213 188.69
151 9559 441.22
204 859 51.23
257 9903 93.21
160 5044 503.55
254 502 667.86
179 8212 322.63
125 4359 280.03
71 2981 870.47
36 3540 558.77
280 6705 885.98
127 18 396.14
44 575 863.18
23 3616 787.75
225 1216 395.99
26 1688 236.74
147 8442 882.85
190 931 342.41
59 5157 868.25
49 9268 429.92
118 4407 178.02
216 7220 258.04
279 4219 171.41
241 1874 590.84
37 8066 394.42
203 8588 94.75
223 4785 169.99
229 9083 460.97
101 3532 405.16
271 3207 505.89
209 360 728.31
268 1320 153.27
267 2283 528.06
228 8288 539.71
179 5253 180.21
292 1187 590.90
76 4279 348.90
179 1193 1.65
102 2310 586.57
17 6727 200.61
273 1358 939.07
294 8427 377.35
144 6609 678.27
123 6691 244.06
283 9359 477.92
128 3841 606.73
36 2914 739.35
3 8397 252.28
177 4737 451.38
158 368 635.98
26 7188 751.74
5 8234 78.63
116 9409 264.97
278 7616 57.62
103 2337 327.70
65 9544 683.45
249 5273 87.30
144 55 482.71
170 313 200.78
120 9624 500.76
204 9805 680.61
279 6446 883.86
153 1908 897.39
220 1823 972.13
32 6065 183.00
153 111 385.79
273 59 610.13
45 6722 4.38
246 1164 212.87
165 978 76.21
35 3577 974.84
295 9119 230.73
255 1616 724.27
42 9385 514.17
99 8113 249.51
163 6025 360.41
249 1579 146.31
34 4909 38.48
279 8549 27.63
18 9071 432.79
140 9602 629.78
87 3723 154.54
276 3733 525.80
60 9055 494.42
24 5857 748.60
90 338 846.00
243 117 320.43
195 6147 765.64
124 6830 41.21
4 7115 972.24
229 8525 993.54
47 4140 305.55
38 6094 76.35
107 9549 786.90
250 3235 565.91
129 2274 783.73
123 6736 380.09
173 7353 8.96
212 4700 826.64
97 3202 826.39
27 4110 212.06
75 9192 186.89
134 7460 92.35
40 8489 849.92
159 6067 197.70
117 9805 811.02
22 2438 725.02
35 4187 902.04
19 439 248.04
87 9561 477.81
151 5093 313.59
187 2515 870.45
94 382 335.66
291 8955 477.97
9 4677 374.12
224 451 408.10
56 5842 167.40
287 8905 49.14
189 275 153.38
180 3946 34.57
3 1115 701.71
255 8278 315.90
38 9267 584.86
42 6664 376.52
150 884 340.21
133 3742 401.86
205 8024 949.58
221 2707 485.00
65 3660 216.40
252 1022 553.28
202 1468 495.33
103 4189 494.77
256 8933 449.02
138 115 674.89
91 8990 457.95
43 4479 509.33
156 5782 642.87
167 3291 648.81
279 4247 689.73
284 4466 272.95
299 4243 79.59
33 1754 468.72
84 88 984.18
23 338 482.58
38 367 785.31
265 6040 746.54
6 7278 20.78
134 870 722.99
291 1530 445.46
224 5897 319.87
95 154 774.98
246 7248 75.12
125 6338 341.25
222 135 366.73
148 1090 840.25
30 4739 72.60
154 767 902.17
156 5236 453.82
97 3515 622.84
274 634 558.91
217 8522 152.15
135 2858 447.36
39 4548 599.80
208 8558 56.25
273 3317 157.07
222 7493 213.05
176 9489 773.87
3 5790 377.14
138 941 228.84
298 1230 789.74
22 1856 889.23
141 4524 102.91
155 5607 829.23
160 7201 459.78
2 6707 632.77
256 1606 906.23
175 8838 736.89
196 355 864.50
155 8257 657.21
165 3042 239.26
176 7604 938.21
104 4999 919.62
28 7208 854.68
282 4941 771.45
156 941 573.71
35 3943 704.51
21 5103 510.80
81 3938 749.24
206 1216 783.14
285 2311 73.54
163 8273 640.40
197 1583 855.54
247 7214 285.56
279 6523 972.45
96 9072 400.94
79 9300 75.12
208 455 648.56
227 1732 373.46
66 8786 263.96
21 2387 419.50
15 8923 359.45
287 1266 108.19
62 2046 476.95
63 4316 219.15
103 1927 360.26
66 8010 633.34
210 4954 440.89
113 4119 813.62
128 1635 874.21
88 8218 391.78
58 8497 643.79
176 1499 657.68
163 6935 162.42
85 6600 398.72
79 6712 267.13
162 2801 442.28
251 4893 183.13
24 5585 805.24
104 9266 628.09
72 3180 958.46
175 6143 385.53
232 1573 548.76
296 9243 673.76
186 7506 478.78
53 5815 916.45
109 5472 570.07
59 948 624.57
236 1543 517.32
194 8071 646.05
56 5090 137.34
130 2581 962.06
87 1398 725.26
71 173 426.76
113 275 728.62
297 8101 969.57
110 8431 890.24
104 5290 722.21
153 4131 814.98
173 3706 615.69
37 9164 6.81
107 7102 384.89
286 962 979.82
203 689 837.61
262 9684 434.12
187 5537 868.38
291 9929 912.54
217 2026 830.51
41 7330 620.67
273 6673 434.03
161 5372 508.39
77 3711 856.19
134 1490 174.19
206 3310 906.59
209 6269 493.84
259 4154 900.44
87 6897 117.08
13 6899 925.01
262 8986 29.60
27 7778 311.17
101 6749 399.35
149 3204 407.12
293 6263 354.43
136 7582 976.86
234 3630 885.10
10 981 412.08
2 4358 921.95
190 2258 730.17
157 7479 265.31
287 5289 275.87
163 7526 544.27
256 2485 782.36
145 5870 804.71
229 762 203.24
53 2335 98.96
49 9553 975.38
222 6008 731.45
149 2292 212.84
219 2772 380.99
229 9132 22.10
227 7279 668.01
186 7032 473.72
95 1374 613.07
5 3380 528.89
196 8382 127.34
79 8574 839.91
282 4752 212.08
276 5660 34.97
225 2040 855.63
158 7369 704.90
292 9588 478.75
125 1680 42.79
297 848 786.64
277 3676 687.75
167 1181 609.69
274 6708 357.25
141 2145 833.11
19 797 274.55
38 6569 948.01
252 5538 149.73
289 3252 762.20
163 3044 176.96
186 2722 379.77
58 3688 354.87
44 7123 804.45
192 911 5.78
253 3253 704.98
86 7457 583.19
163 2405 761.72
81 9445 455.71
98 6110 900.96
51 4150 304.00
10 3066 532.90
48 2095 559.45
14 2985 626.59
225 5429 739.22
95 7052 464.02
65 6845 149.37
38 8315 203.40
145 9489 279.72
239 2600 713.96
207 4145 159.96
228 8695 84.50
64 8836 8.49
220 8417 3.73
225 260 939.87
121 6008 571.71
127 8100 905.90
239 7604 741.25
43 1793 600.99
230 9178 913.14
247 8200 75.48
168 134 714.91
151 6519 172.67
160 5057 731.15
58 9473 273.17
44 2335 902.97
256 9362 223.40
249 7646 579.26
103 1677 714.63
17 8712 492.86
225 1994 7.24
145 4947 221.56
140 2151 966.67
152 7332 437.17
285 4254 74.47
183 8375 499.98
139 3623 747.88
131 887 206.24
215 5965 633.01
151 3680 475.29
115 8020 661.42
170 6838 142.54
89 9662 458.05
7 3672 829.23
48 8734 479.35
149 6982 891.50
49 826 412.09
53 1366 68.36
226 2394 711.29
269 1503 946.60
167 565 118.22
284 1615 498.90
55 917 7.18
170 1637 442.48
227 5164 829.19
123 2965 435.08
15 9685 483.69
74 6839 744.89
9 7473 735.58
16 5142 364.51
96 7950 68.06
107 90 950.09
50 8990 174.75
144 3440 488.91
263 8010 257.50
228 5931 566.84
96 6809 385.86
210 9120 140.31
100 4420 494.68
24 4305 75.24
219 4742 153.32
25 1833 967.09
108 3072 905.16
269 5544 992.24
291 5206 914.02
73 8612 331.43
117 9509 161.87
227 9519 216.49
276 3483 160.26
55 6346 968.28
155 7244 541.93
226 1837 234.59
172 8726 177.78
100 7050 809.55
119 2389 27.68
202 9239 992.89
286 211 203.33
120 7645 121.02
188 2588 445.34
149 7758 853.03
283 1138 67.18
268 9357 254.68
299 4510 332.57
228 4858 550.81
265 9348 754.71
20 8341 557.75
226 6010 937.87
24 4435 750.81
155 8882 514.29
170 9004 673.23
30 7150 776.48
135 8296 499.75
11 558 569.74
61 4309 858.46
225 1238 730.12
150 301 123.81
13 2390 331.02
187 5747 972.80
53 4967 175.22
298 9550 503.82
14 894 112.27
189 4034 187.75
21 6155 674.11
31 4569 402.53
276 389 344.20
93 9073 792.95
22 3775 578.18
198 8928 879.23
280 8944 765.59
182 6206 497.34
201 6163 402.07
82 3326 421.01
5 9363 439.00
129 2474 177.75
2 4785 832.78
218 435 664.68
256 8683 518.11
69 4260 971.03
61 3620 149.94
243 1128 976.23
110 9116 190.02
97 3065 686.70
12 860 690.23
197 5824 223.13
300 9037 919.39
288 1514 380.50
177 4823 651.19
144 2005 772.82
178 834 239.81
16 1153 256.82
294 1952 419.04
229 3565 902.38
88 138 705.97
149 617 306.51
218 6345 484.38
257 7712 880.73
63 6192 545.80
242 6740 463.89
64 4760 970.91
41 5603 399.41
253 4866 812.90
40 6239 740.51
278 1962 125.55
51 6268 803.27
76 5241 783.46
135 1831 315.51
292 9763 392.64
218 371 930.75
157 649 330.68
224 3395 422.75
246 2158 80.60
231 9998 194.11
184 4338 97.97
104 1078 398.52
300 6147 134.68
126 2848 574.64
293 6076 798.35
259 2183 956.84
190 7913 22.92
66 6234 750.12
115 7468 240.47
179 9060 859.66
256 6177 685.43
102 5018 610.69
241 8165 511.98
213 3706 27.12
165 6595 165.33
49 1784 475.95
12 6836 67.27
287 6744 231.04
48 9180 843.99
149 7986 14.72
112 5152 607.33
210 1744 101.70
191 1057 218.73
286 8242 477.76
135 1895 761.28
205 3413 27.18
234 6205 652.55
217 5940 844.59
154 5493 98.96
213 8835 970.39
221 2034 776.27
254 3333 676.75
296 6464 17.81
276 1973 178.58
164 4522 107.80
245 5490 831.55
215 5129 248.11
41 4727 756.53
255 286 614.00
174 2248 401.14
193 3694 839.26
241 4500 470.74
34 2491 2.54
231 5561 299.79
253 6579 492.88
186 5115 151.19
160 374 957.46
147 450 120.12
145 2735 576.65
219 9864 53.76
87 7973 909.43
111 8706 295.05
54 8021 468.88
39 3027 268.13
169 9902 390.99
267 4184 746.22
11 6024 867.81
9 3053 241.92
234 3613 398.84
178 8746 254.27
85 8338 260.48
272 8566 125.49
68 7434 340.92
5 7894 478.14
247 3479 954.82
190 465 496.76
135 2678 95.39
278 851 509.77
167 273 257.94
227 5907 814.23
104 697 875.12
165 1520 388.61
251 7180 133.99
161 8294 123.69
105 452 832.80
139 844 687.57
78 5200 965.19
144 3526 801.14
42 8595 337.14
231 1949 886.24
247 8284 317.51
57 7401 705.30
78 2264 801.12
86 5511 434.78
94 3836 645.65
54 758 569.17
92 1295 938.70
123 6693 754.52
208 2275 136.96
164 8536 801.82
239 8994 762.99
98 3624 831.30
201 7806 421.06
152 7787 709.35
104 9233 358.02
69 8687 641.62
46 9945 653.20
33 9345 826.55
57 7249 555.65
114 2891 110.78
224 4051 930.91
283 3198 997.16
157 3013 303.28
82 7943 11.37
73 2818 346.33
162 6036 532.87
199 7436 757.39
249 5857 22.13
78 5941 456.23
54 3136 774.54
276 9945 991.02
43 2867 850.37
265 3737 120.04
152 4148 604.61
222 1609 217.18
134 192 390.79
63 5576 984.26
168 5884 443.76
156 5685 247.12
60 7200 346.72
132 3913 77.44
101 3133 702.70
234 7117 825.01
95 5565 40.17
151 7940 522.58
22 8267 404.90
138 9897 573.56
273 457 22.86
287 6181 691.87
271 1445 127.41
2 6353 366.34
9 4890 15.13
27 7038 361.08
203 7632 841.41
185 8534 172.50
256 4902 224.28
283 1042 46.61
20 4101 951.61
158 3456 508.59
95 3268 8.99
12 3008 698.76
154 4103 456.90
75 4739 828.42
175 8837 479.77
41 9930 551.40
180 6730 18.83
234 4028 249.63
74 610 910.51
130 7866 160.40
79 1535 279.75
197 5248 2.31
219 8302 482.83
154 6291 911.61
142 82 52.26
60 382 693.62
19 2967 648.64
34 612 609.10
220 1110 754.04
182 3620 110.95
94 3787 767.41
132 9763 137.88
200 7456 187.94
248 723 888.59
214 7817 630.20
254 8690 51.12
140 2440 421.83
97 5189 339.24
89 4725 811.93
198 3684 126.64
233 459 651.69
58 3596 12.35
277 9771 548.57
166 1098 948.06
104 6261 940.73
51 3132 410.38
95 3589 730.59
184 8029 928.87
206 8876 221.38
47 6502 281.12
195 8794 954.09
196 6635 900.13
280 300 322.24
203 2396 696.54
63 6055 597.39
137 7313 592.94
264 3025 915.68
115 3179 559.51
105 5594 976.69
7 761 402.60
6 7473 510.62
18 521 854.11
23 6460 432.59
300 8276 438.30
15 4710 735.65
121 9147 928.61
166 8364 64.78
208 937 603.53
287 3339 973.89
62 410 660.06
253 8991 47.50
257 6545 927.01
190 9662 694.94
217 8076 729.44
282 4438 959.04
191 4617 24.08
78 3579 730.91
41 2617 185.50
1
300
1 1 5.71 0.00 25.07 
28 241 9.74 1689.57 1724.75 242 7.65 1069.81 1125.38 208 9.82 752.26 811.44 245 1.33 2380.94 2421.67 282 1.27 814.34 849.08 123 2.60 1284.35 1327.76 124 3.08 1494.67 1532.50 59 3.18 1624.85 1684.77 25 2.60 1231.14 1292.18 154 8.51 1269.88 1336.22 186 6.25 971.06 1023.85 67 7.97 899.64 955.89 41 7.42 208.76 254.72 53 7.25 1182.42 1219.46 138 3.63 717.92 772.51 253 4.14 1254.01 1293.09 222 6.85 1016.35 1081.43 44 8.36 1677.56 1717.52 81 3.30 1293.78 1336.02 236 7.04 1237.19 1270.73 51 1.36 1023.40 1086.22 221 6.91 1550.50 1612.85 147 8.20 960.70 1006.04 287 1.08 1299.19 1362.94 28 9.56 1459.48 1499.48 196 5.39 970.59 1028.81 9 2.03 632.03 676.62 165 6.48 948.05 1010.20 
14 127 2.87 1763.94 1815.04 23 9.99 1419.98 1484.55 14 9.35 1318.92 1371.67 90 8.15 1170.22 1206.37 226 7.27 1072.97 1133.83 73 1.18 1401.48 1459.29 277 3.30 2052.46 2104.14 233 1.81 1512.75 1575.98 103 2.82 996.53 1041.48 54 1.72 1293.01 1354.76 3 2.42 445.31 490.26 169 9.99 1291.42 1330.69 70 9.12 1981.92 2034.16 2 7.07 1437.72 1481.18 
14 95 2.71 1370.26 1407.16 179 7.53 1530.68 1578.86 82 8.78 1515.23 1565.17 182 7.41 1882.91 1931.63 114 8.51 1928.95 1970.66 20 9.71 2245.40 2290.80 291 5.71 1605.10 1654.59 206 1.81 1834.80 1875.18 110 3.30 1865.15 1921.18 161 3.85 1525.51 1589.16 178 2.28 1380.44 1425.34 171 9.27 1767.78 1808.58 234 2.76 1791.39 1840.37 200 5.82 1502.77 1546.47 
14 180 5.12 1904.39 1960.75 225 2.45 2413.62 2476.42 130 7.48 2177.32 2215.44 193 1.84 3133.18 3183.23 278 3.59 2291.61 2338.04 56 1.35 2537.92 2590.20 175 3.11 1640.74 1688.46 238 6.82 1937.93 1983.44 68 7.61 2459.14 2514.71 255 2.34 2106.72 2152.16 120 2.17 2146.95 2183.78 18 8.01 1964.10 2026.09 239 9.27 1902.96 1962.38 69 3.36 2211.21 2251.89 
14 208 3.36 2429.21 2481.54 123 9.44 2358.61 2395.43 245 1.00 3983.81 4018.03 124 4.49 2843.80 2886.83 59 3.62 2691.07 2734.04 25 2.45 2757.08 2795.68 154 4.49 2210.98 2277.36 282 6.61 2227.65 2273.47 9 6.39 2625.75 2691.22 196 8.46 2133.83 2197.80 236 7.79 2849.09 2882.46 165 2.38 2303.95 2349.32 186 4.95 2803.78 2850.69 67 1.10 2854.17 2895.73 
14 298 1.90 2868.03 2906.57 247 9.24 3515.29 3568.56 115 2.82 2570.67 2631.07 272 6.08 3134.06 3179.44 223 8.17 3152.87 3219.32 104 8.65 2829.04 2870.20 224 7.79 3551.96 3594.83 207 2.84 2633.72 2679.12 79 1.11 2426.69 2484.05 42 4.35 2863.59 2922.28 246 6.16 3398.14 3450.34 144 7.88 3337.27 3376.61 21 5.94 3314.86 3363.39 4 8.46 3645.00 3705.52 
14 209 2.11 3569.74 3632.63 126 2.94 3915.25 3955.80 58 9.06 3481.38 3523.02 261 1.77 2690.63 2725.63 61 3.64 2840.01 2900.51 248 8.42 3926.78 3979.40 173 5.84 3188.24 3230.91 85 1.96 3598.09 3660.50 204 8.11 2907.95 2941.43 185 8.18 3597.23 3642.46 15 7.25 3593.38 3656.31 50 9.30 3445.94 3490.95 220 3.98 3152.52 3190.41 283 3.90 2851.90 2901.20 
14 22 8.69 3848.45 3907.74 27 6.12 3264.11 3327.34 112 1.92 3951.23 4010.02 191 6.28 3114.64 3156.69 31 1.61 3125.77 3164.46 201 5.00 3628.00 3665.10 96 9.28 3304.95 3349.85 229 8.27 3459.18 3511.55 145 4.45 3429.86 3487.80 230 7.05 4175.38 4229.76 60 3.24 3196.79 3257.56 40 9.61 3826.74 3892.59 74 2.26 3889.41 3948.67 71 9.63 3130.51 3197.04 
14 264 2.64 3722.95 3761.37 214 6.88 3995.78 4032.70 266 4.52 4820.28 4865.56 212 5.71 3384.18 3438.11 158 5.65 3805.98 3866.88 292 1.33 3859.09 3915.16 262 2.82 4134.58 4193.68 119 6.73 3720.43 3766.78 34 9.81 3761.22 3801.35 29 2.94 3676.17 3732.89 63 5.93 3849.81 3895.70 12 8.55 4208.35 4254.45 117 3.92 3728.42 3788.17 32 2.94 3768.21 3815.47 
14 150 3.68 4910.62 4954.58 181 6.72 4790.76 4845.53 215 6.40 4055.45 4117.45 125 3.29 4731.33 4785.45 146 2.56 4752.16 4789.24 16 7.18 4179.46 4213.33 254 6.85 3919.44 3959.69 102 1.16 4534.38 4569.84 128 4.27 5006.83 5043.61 162 1.23 4921.88 4963.00 213 8.18 4279.18 4323.86 148 6.41 4664.80 4699.75 46 1.90 4613.86 4661.36 109 7.01 5070.89 5109.46 
1 300 1.63 5057.01 5117.72 
