300 0 0 1 22
6
6
5
13
3
9
15
11
14
4
11
19
10
2
14
9
11
19
11
12
12
8
3
7
2
18
18
8
4
5
18
10
16
17
3
3
11
8
2
5
8
5
19
10
13
19
9
2
12
16
19
3
18
9
4
2
16
9
8
13
12
11
16
14
5
11
6
7
16
17
17
7
11
6
9
8
7
10
15
4
17
5
12
14
8
3
8
13
12
10
11
4
14
9
12
16
6
17
5
7
15
5
2
11
7
6
5
3
4
16
4
6
19
8
13
10
18
9
18
17
2
18
13
6
13
10
7
16
3
19
9
8
15
16
4
9
12
16
13
6
2
14
10
2
14
17
6
7
8
2
16
15
10
4
16
11
13
16
9
3
4
18
17
16
3
16
12
11
6
11
2
14
15
4
7
11
2
10
14
13
9
11
10
12
6
5
4
15
6
17
17
13
10
4
12
6
8
3
11
19
10
11
5
16
5
13
9
14
6
6
17
2
4
5
18
7
4
13
10
4
16
4
2
11
18
19
12
14
3
11
5
12
5
12
13
5
18
14
7
19
16
15
16
8
8
17
12
13
7
16
16
4
15
8
6
2
9
3
14
3
15
17
14
13
10
14
15
4
12
5
12
7
3
4
6
4
17
10
14
14
3
14
13
5
10
9
14
3
3
3
16
10
2
6
4
10
20
16
4
0
299 2212 40.53
36 6256 597.90
223 3626 542.74
86 6342 58.10
2 7454 631.90
28 7651 424.15
32 4106 842.42
285 2289 906.40
11 7658 423.73
68 9549 655.87
105 9826 930.50
273 1298 345.04
197 7309 255.36
13 7075 445.23
116 7954 790.40
60 5907 695.72
145 329 558.12
93 7396 288.14
128 1526 146.67
146 5615 579.68
85 6268 564.99
17 4250 147.27
24 6223 151.02
199 2838 20.91
255 1978 554.85
197 3473 687.64
254 5430 388.76
231 5209 928.86
11 3748 180.61
267 8229 190.72
119 7724 476.69
206 1385 257.83
130 3669 980.43
268 1150 985.49
197 1139 160.38
124 2527 670.40
203 3911 768.00
208 4242 838.34
162 6745 173.38
191 249 130.90
78 4446 317.41
67 6632 882.98
199 5293 400.40
17 1122 418.46
230 6700 516.42
34 7707 495.55
84 5770 116.32
45 3026 758.12
202 1774 144.75
164 3585 214.86
213 2732 196.01
130 2917 596.32
29 30 843.12
280 2411 864.03
165 944 529.98
246 7346 540.74
127 2878 533.53
4 9114 116.90
136 6679 950.32
292 5417 797.76
191 1533 279.07
227 2882 553.55
88 9823 302.15
208 9202 3.74
63 3954 70.79
2 8232 199.00
58 5827 48.25
215 3042 414.12
276 2213 892.44
225 972 408.91
57 8974 773.26
5 9566 693.48
130 2138 76.04
120 8933 6.63
195 867 275.28
54 1488 673.87
177 7338 903.50
222 3343 331.09
117 4920 227.40
33 2403 803.58
146 1328 601.35
300 6101 748.27
260 828 665.60
293 1160 155.37
101 1858 605.38
68 1768 486.16
175 1719 49.98
218 8237 685.00
46 8000 712.70
141 5054 737.90
279 2184 564.70
57 7154 335.73
125 3744 997.02
71 8997 839.92
122 6642 851.37
89 1873 662.46
108 2226 785.64
157 5408 805.18
295 4394 405.65
218 6033 801.60
36 1705 626.36
10 7399 97.53
245 5421 831.40
7 9980 570.51
15 9175 600.14
299 1742 454.23
70 4474 741.20
153 1834 375.08
191 3264 102.53
202 3267 590.64
284 5889 969.89
186 6984 104.00
178 4677 276.73
207 5849 645.77
88 8100 445.15
159 9067 575.36
7 2586 687.19
244 9700 717.76
235 1554 960.39
173 89 775.49
233 1344 507.34
299 8381 952.16
157 4273 104.18
151 5491 827.30
171 3019 487.68
68 5696 275.32
5 8332 624.27
85 7132 341.89
97 4906 786.24
211 8699 71.16
115 3223 500.36
95 7097 57.53
239 162 404.90
137 460 669.01
230 7147 596.73
69 515 487.75
300 900 306.76
160 8844 687.33
73 2316 37.30
19 2324 560.91
141 7207 860.60
294 2802 105.98
90 5179 378.98
131 2525 420.18
102 8890 966.67
256 2674 451.19
269 2345 394.21
279 1925 454.64
272 6940 624.21
10 1509 830.79
277 4002 255.72
69 166 4.75
274 882 453.04
47 5157 596.44
299 9079 980.23
282 2300 126.43
187 942 331.79
217 7780 108.12
90 4749 491.99
291 544 329.65
231 6649 185.01
286 7507 648.94
201 9626 331.71
171 9313 702.09
83 9266 198.90
19 2937 983.37
292 4308 95.28
51 2857 334.59
39 4656 949.97
123 9330 126.82
87 57 488.70
105 2752 751.81
145 6443 574.07
75 9724 444.82
130 7074 10.24
11 4118 650.62
238 3278 731.66
186 2448 992.92
154 2392 589.06
256 1323 943.20
5 7514 542.58
127 5777 331.79
139 8507 910.99
275 6601 280.84
200 4422 647.59
100 3661 740.43
204 2473 181.55
129 756 680.58
46 4703 814.00
48 8123 148.53
75 2506 619.95
205 2736 222.70
160 2761 78.05
14 5162 696.69
177 7105 686.73
253 1828 503.04
182 7547 776.26
179 5881 552.82
134 1462 461.85
76 9568 822.85
129 7398 206.36
102 1236 444.57
208 32 575.66
227 426 609.22
67 9145 454.36
238 7353 908.13
69 6839 405.28
289 6415 738.37
287 6685 938.67
10 9964 269.85
107 2430 228.63
79 2531 261.00
294 6574 842.64
7 2674 811.07
25 4673 908.54
284 6529 955.69
212 4196 685.84
226 9398 357.16
25 1539 665.53
229 2002 924.23
264 5789 10.53
276 5981 35.25
113 3970 924.92
115 9379 703.76
289 429 596.37
270 5746 466.51
283 5005 557.41
288 9354 897.81
255 139 997.07
141 8491 453.59
270 5373 782.35
266 5223 926.83
213 2575 791.42
87 3390 918.07
60 4670 660.43
102 3950 554.25
216 4371 143.03
180 7160 749.77
173 7955 789.60
159 7416 476.86
12 3794 321.41
88 3177 477.47
136 7973 282.50
151 5354 902.23
205 8635 602.06
189 7585 340.83
14 1981 400.41
63 4074 785.30
65 8081 912.40
112 3741 456.94
179 3035 504.24
288 4896 867.55
293 9238 391.94
225 9490 294.55
272 7398 203.63
271 7264 480.13
103 857 469.96
7 5587 506.97
247 8636 42.79
179 7629 996.67
298 4780 637.36
148 8574 697.27
69 6701 602.62
265 9283 664.67
47 7874 468.10
240 3251 318.85
132 8470 666.25
94 8309 112.92
93 1268 826.40
230 1640 122.65
147 2257 703.94
254 9025 591.44
37 446 53.02
268 6328 317.08
174 8671 123.23
128 7194 317.91
200 3606 364.21
251 6282 297.06
139 1285 608.84
172 2657 996.03
215 2860 898.69
192 6784 747.93
114 4200 449.79
137 1230 901.95
191 9857 513.74
269 1630 209.80
206 8487 885.65
62 257 850.92
235 530 26.08
261 862 738.24
34 7083 500.19
96 2343 94.58
42 3430 900.85
238 2013 844.83
70 5171 638.89
73 8563 956.45
74 5046 244.31
281 1176 432.66
82 7727 695.62
156 2073 673.31
100 161 582.23
63 703 372.59
265 2859 290.60
241 7179 50.86
174 4419 626.67
67 8095 572.99
298 3058 320.57
83 717 828.26
21 4034 768.12
264 3919 609.08
209 6168 957.50
208 5443 979.41
43 4069 237.36
47 129 185.31
287 844 818.27
33 4395 546.72
87 8877 549.35
222 2712 680.52
5 335 340.53
269 8666 744.23
111 8715 834.83
155 9810 970.05
103 512 494.48
295 9226 947.90
96 8481 966.70
207 484 985.93
76 9881 415.51
199 1522 181.96
170 5426 715.33
283 6643 777.56
204 838 448.63
213 8116 510.22
173 8059 771.42
207 7054 501.13
144 9914 610.27
237 6349 604.01
93 4263 771.79
96 8914 427.64
43 6810 788.06
206 8883 489.17
204 176 1.58
149 3057 77.73
219 404 652.02
253 6671 167.66
173 3874 78.72
267 1669 388.27
295 6496 242.83
191 9037 800.88
9 4680 74.35
236 9129 257.97
188 4608 259.05
297 1921 732.65
91 1111 616.19
20 2452 495.94
119 2647 964.95
14 3128 854.28
159 2285 613.17
231 7076 718.10
225 623 543.63
261 6418 402.36
90 793 994.55
239 5457 153.81
30 9603 510.20
82 8922 568.76
275 3858 413.39
227 384 835.10
242 3656 132.71
46 4002 716.93
263 4620 885.15
75 6544 615.72
219 2679 598.76
8 9384 494.73
293 9447 598.95
185 2302 281.98
85 9954 431.55
70 6266 285.02
16 6983 825.01
174 2271 979.77
5 6138 347.50
235 9368 42.87
68 2837 505.60
155 4984 397.61
262 7473 681.46
122 9344 29.39
173 5194 710.84
60 3636 845.91
100 9011 468.05
23 1154 140.47
292 8297 371.83
35 2083 78.01
168 9728 466.02
242 9629 979.04
106 3909 338.11
186 8466 220.30
165 4010 89.71
211 4129 551.75
283 507 420.07
200 5927 956.20
87 8981 673.41
115 5562 145.50
31 6329 143.53
236 5050 244.16
26 1238 423.12
247 7166 981.81
97 769 811.87
295 2783 125.09
117 5920 364.97
153 8572 755.84
263 7813 7.51
294 8365 557.21
229 2295 423.65
207 4037 447.07
10 478 931.92
70 5550 233.31
298 6469 992.19
193 9983 724.45
155 1223 866.06
180 3920 629.76
57 6651 131.07
261 4611 171.08
114 6938 26.88
81 8624 475.55
7 5536 828.39
245 3523 425.60
116 9768 339.14
38 5333 259.01
150 6468 670.04
284 6570 382.57
280 8159 710.51
33 9036 681.16
249 4148 625.74
169 3074 135.10
232 7588 137.35
16 7266 99.71
102 9192 533.83
184 9796 300.39
216 7751 632.98
142 6715 238.65
165 7042 234.41
98 9853 797.75
72 2781 793.64
32 8169 783.69
23 8342 253.63
232 1008 664.49
265 735 979.46
92 7146 458.30
5 4128 142.87
71 1942 180.60
56 5952 95.67
287 5332 190.27
250 45 39.29
59 1831 854.01
198 4829 582.27
123 5444 680.38
219 2445 192.65
175 9784 821.19
11 5846 191.95
268 6994 389.27
36 6640 739.74
276 8063 448.41
117 5872 421.96
125 602 846.55
41 7669 142.55
67 714 195.01
288 2697 918.21
206 4922 410.59
191 8327 372.79
213 3932 649.78
28 8568 398.28
135 5320 741.60
126 2526 255.23
151 8629 394.56
160 6034 739.83
183 1646 80.33
266 8625 512.45
27 172 914.28
231 9728 829.41
5 4310 26.86
200 541 399.46
108 8325 646.65
296 5635 604.81
180 685 820.63
182 6612 48.19
15 4720 226.99
154 7334 453.82
63 5273 195.64
4 6782 783.69
107 7387 413.72
96 4682 573.99
93 2615 893.55
214 5655 839.14
187 7304 709.06
109 5423 789.63
181 7717 140.09
293 1187 298.87
264 5499 358.82
257 3821 687.92
245 9606 320.68
125 3743 970.22
128 6344 325.89
238 5841 563.44
3 2726 233.83
265 8628 470.42
240 5983 112.69
211 6231 53.91
126 8548 221.90
170 5911 87.38
40 511 852.88
2 1279 644.22
227 1287 834.52
96 1649 230.35
212 2089 248.90
224 65 444.61
269 2783 437.95
80 4209 317.93
78 7043 750.13
141 4022 432.63
106 191 790.75
182 2240 885.45
95 594 368.38
35 7878 838.11
279 5900 377.47
141 1796 91.23
12 7217 682.27
172 6221 70.13
160 3826 276.15
76 8527 12.73
219 9434 730.44
137 1850 848.29
210 3959 207.51
145 495 92.64
231 1979 295.25
161 4941 582.99
175 5842 830.96
113 7845 181.91
74 3374 420.16
192 440 578.10
43 8432 318.54
193 3221 926.56
27 874 428.87
105 9650 788.83
226 7044 148.63
292 7649 359.27
187 8997 63.64
120 7758 29.28
19 9362 545.72
199 9016 415.88
178 6703 947.77
117 8231 499.82
29 6832 352.08
91 7484 860.14
85 5416 121.95
293 2798 357.98
212 2879 122.53
81 7125 976.50
71 5274 151.84
166 6617 794.24
285 1926 91.94
153 4221 854.16
207 2523 182.13
172 2164 269.33
14 2773 789.29
234 1343 650.94
186 3380 663.05
265 9602 267.61
49 1648 4.58
72 3672 247.59
95 3538 480.53
9 3881 705.50
56 9706 118.34
64 6577 462.52
258 5475 459.93
262 2492 93.98
61 6659 932.71
10 6871 286.91
84 4991 456.19
264 4301 787.10
185 276 890.52
217 140 636.51
231 6895 516.85
170 5080 563.71
130 7280 985.91
38 659 199.79
283 7148 543.67
114 7301 696.00
143 6490 698.99
17 8560 301.26
263 216 800.50
29 2952 857.51
265 3004 842.94
31 5121 547.22
135 709 41.14
284 3286 517.07
119 8460 788.72
62 5223 92.82
96 4393 562.77
226 8857 695.94
268 3829 100.10
160 7427 961.06
248 323 638.42
215 34 627.03
109 4145 963.35
120 4715 857.12
33 9614 164.66
221 2496 902.09
231 2285 548.19
110 8626 681.47
189 5402 227.84
150 6866 943.47
260 3896 994.09
195 2507 531.25
63 9352 290.67
219 7371 856.19
9 864 581.66
181 5591 324.20
81 674 32.99
163 1822 466.98
43 4305 671.02
144 5070 522.64
102 8445 434.53
188 7333 509.72
225 8421 662.82
223 3773 759.13
44 3696 382.14
279 3772 59.32
8 7515 419.64
155 7454 429.50
199 9239 905.04
49 9581 229.41
257 4917 618.85
298 5645 207.68
132 6812 814.15
33 2162 546.23
78 8899 700.74
237 2002 915.58
24 8992 384.82
45 776 448.36
103 5908 851.93
207 6083 40.31
154 817 651.20
96 8963 704.17
220 8566 536.28
142 7023 604.55
77 7485 831.40
263 7530 266.67
66 7743 764.96
139 3381 944.89
179 5190 310.04
80 3719 490.09
112 4800 619.61
266 6320 788.39
44 2191 925.43
37 4724 739.26
62 6462 244.86
270 6846 502.39
133 5811 507.88
173 4941 170.32
260 9823 413.05
117 6572 752.07
227 9310 914.80
234 66 667.82
258 3880 126.64
279 613 982.64
93 9581 870.17
70 3765 752.32
134 9007 724.84
46 3153 973.82
61 323 696.36
54 670 984.67
248 8960 403.53
18 6537 785.11
14 4524 461.80
35 6913 908.51
99 4398 550.15
97 9791 935.75
5 2556 820.84
198 2220 734.40
160 8984 932.75
126 3482 683.93
49 312 105.99
29 762 260.61
291 2801 16.94
198 6789 977.72
201 4563 857.70
276 9366 443.60
104 6515 405.42
62 9343 758.24
248 1133 356.43
164 9049 830.22
96 9454 489.76
255 1240 770.25
102 1765 281.29
116 3996 187.74
234 228 710.48
129 3667 64.50
128 3370 797.77
102 5037 750.20
124 7319 429.51
30 2989 587.24
208 8798 463.08
101 9860 394.35
268 8560 30.04
264 2096 61.02
135 4485 597.22
193 826 798.05
259 3697 857.55
159 5649 529.38
85 2252 554.03
155 9688 418.11
188 6846 820.43
260 4468 979.37
148 8526 646.19
84 5751 291.40
228 3404 323.55
287 3773 976.53
41 1183 319.49
116 1267 558.25
255 9337 737.52
13 4743 807.39
166 1648 799.56
70 217 73.69
102 3478 583.60
240 5469 161.59
105 2617 661.04
162 446 619.71
279 9842 259.89
216 7343 923.09
185 1908 576.15
131 7151 482.54
3 4803 193.27
253 7078 54.68
287 600 112.19
138 6641 943.89
227 2746 649.30
282 8402 107.56
52 1826 396.89
77 8738 349.46
102 3401 635.54
108 8356 529.92
90 6735 726.42
283 5231 6.59
264 4472 452.88
271 4691 951.57
224 3923 477.34
54 1513 69.11
97 5197 587.67
71 5483 154.55
194 226 492.08
165 7651 500.43
267 7152 607.48
250 5137 490.47
188 1191 143.09
95 4834 57.59
46 1545 793.85
50 6216 519.38
2 82 806.83
55 3544 2.35
244 569 488.28
125 5960 621.15
288 6539 993.66
137 7401 816.74
54 9313 932.54
169 6578 226.45
28 1341 242.43
279 7167 336.94
5 4901 266.02
196 5229 291.02
140 5214 782.15
205 3812 42.42
56 8421 118.52
239 1158 568.14
192 4758 8.10
227 8867 754.06
202 2245 221.46
260 8102 779.76
219 4573 840.16
21 966 920.35
124 419 531.55
174 4625 780.07
30 7972 215.18
208 9666 69.59
73 2483 999.76
209 1028 164.25
278 249 53.07
88 6375 923.91
241 8861 353.50
257 8638 949.01
253 6480 127.87
27 6377 438.31
142 6162 418.54
297 6541 860.85
70 3286 423.06
179 8422 665.92
125 7600 981.05
68 1400 384.65
223 2773 290.58
197 8432 358.31
53 278 774.16
262 6163 522.15
209 1151 103.41
107 3745 431.50
263 6892 451.43
209 9590 221.97
105 5625 68.28
57 5719 371.48
66 4290 928.45
218 5573 621.23
32 1722 643.11
16 2436 972.93
112 3471 469.04
110 717 154.79
89 7093 320.12
17 8766 378.11
296 1400 483.76
183 2302 623.02
69 8125 718.96
201 3866 735.87
41 4122 94.78
249 4761 600.04
288 1435 66.20
86 1584 752.73
239 7213 188.69
166 2764 441.22
267 3474 51.23
88 9903 93.21
211 5044 503.55
58 502 667.86
132 8089 322.63
2 1338 280.03
237 2981 870.47
256 5484 558.77
57 6705 885.98
145 18 396.14
185 575 863.18
200 3616 787.75
199 5248 395.99
244 1688 236.74
293 8442 882.85
205 931 342.41
79 820 868.25
198 9268 429.92
125 5134 178.02
169 7220 258.04
241 4219 171.41
220 1874 590.84
270 8066 394.42
87 8588 94.75
260 1521 169.99
202 9083 460.97
53 3532 405.16
189 3590 505.89
229 360 728.31
39 1320 153.27
30 2351 528.06
261 8288 539.71
109 5253 180.21
72 1187 590.90
35 4279 348.90
219 4865 1.65
163 2310 586.57
285 6727 200.61
122 1433 939.07
273 8427 377.35
200 6609 678.27
147 9645 244.06
293 9359 477.92
260 4301 606.73
39 2914 739.35
269 8397 252.28
289 4244 451.38
201 368 635.98
181 7188 751.74
29 8503 78.63
113 9409 264.97
74 7616 57.62
286 2337 327.70
214 9544 683.45
101 5273 87.30
3 3224 482.71
124 313 200.78
232 9624 500.76
58 9805 680.61
93 6446 883.86
192 1908 897.39
91 6425 972.13
237 525 183.00
76 111 385.79
36 59 610.13
93 6944 4.38
197 1164 212.87
189 978 76.21
12 3577 974.84
274 198 230.73
51 1616 724.27
161 9385 514.17
188 8113 249.51
132 6025 360.41
164 58 146.31
61 2372 38.48
213 8549 27.63
221 9071 432.79
44 9602 629.78
36 3134 154.54
63 3733 525.80
37 9055 494.42
278 5857 748.60
300 338 846.00
48 3661 320.43
131 2791 765.64
289 6830 41.21
221 7115 972.24
288 8525 993.54
188 4140 305.55
126 6094 76.35
200 7340 786.90
115 3235 565.91
242 2274 783.73
194 6736 380.09
123 7353 8.96
212 4700 826.64
98 3202 826.39
27 4110 212.06
16 9192 186.89
135 7460 92.35
174 9165 849.92
62 6067 197.70
209 9805 811.02
231 2438 725.02
257 4187 902.04
8 439 248.04
31 9561 477.81
107 1092 313.59
15 2515 870.45
234 382 335.66
196 8955 477.97
177 4677 374.12
230 451 408.10
56 5842 167.40
287 8905 49.14
178 6310 153.38
256 3946 34.57
200 1115 701.71
18 8278 315.90
29 9267 584.86
181 6664 376.52
171 4914 340.21
22 5336 401.86
100 8024 949.58
237 2707 485.00
77 7769 216.40
64 1022 553.28
292 6483 495.33
232 4189 494.77
40 8933 449.02
248 115 674.89
70 8990 457.95
109 4479 509.33
28 689 642.87
59 5531 648.81
133 4247 689.73
286 4466 272.95
46 4243 79.59
140 3777 468.72
207 88 984.18
178 338 482.58
89 367 785.31
180 6040 746.54
12 4822 20.78
275 870 722.99
45 491 445.46
78 5897 319.87
236 154 774.98
109 7248 75.12
140 465 341.25
133 135 366.73
70 1090 840.25
99 4739 72.60
14 767 902.17
167 2688 453.82
92 7629 622.84
128 9855 558.91
143 8522 152.15
109 2858 447.36
212 4548 599.80
80 8558 56.25
278 3317 157.07
31 7493 213.05
261 9489 773.87
35 3660 377.14
106 941 228.84
237 1230 789.74
14 1856 889.23
202 4524 102.91
2 5607 829.23
294 7201 459.78
269 6707 632.77
59 1606 906.23
177 8838 736.89
198 355 864.50
157 8257 657.21
167 3042 239.26
23 7604 938.21
106 4999 919.62
29 7208 854.68
282 4941 771.45
158 941 573.71
255 5380 704.51
270 5103 510.80
279 3938 749.24
205 1216 783.14
285 2311 73.54
106 6348 640.40
79 1583 855.54
182 7214 285.56
235 6523 972.45
58 3171 400.94
278 9300 75.12
179 2542 648.56
139 1732 373.46
154 8786 263.96
123 2387 419.50
281 6761 359.45
189 1266 108.19
172 2046 476.95
62 4316 219.15
103 1927 360.26
65 8010 633.34
210 4954 440.89
146 4119 813.62
128 1635 874.21
51 8218 391.78
59 8497 643.79
177 1499 657.68
164 6935 162.42
86 6600 398.72
80 6712 267.13
163 2801 442.28
251 4893 183.13
24 5585 805.24
279 4107 628.09
262 3180 958.46
9 4301 385.53
163 1573 548.76
284 9243 673.76
263 7506 478.78
283 5815 916.45
5 5846 570.07
293 948 624.57
275 6160 517.32
280 7188 646.05
170 5090 137.34
63 9065 962.06
183 1398 725.26
77 173 426.76
17 8503 728.62
65 2857 969.57
158 8431 890.24
248 5290 722.21
216 4131 814.98
153 3571 615.69
162 9164 6.81
284 7102 384.89
266 8305 979.82
104 2339 837.61
36 9684 434.12
86 5537 868.38
285 8241 912.54
221 4791 830.51
48 7330 620.67
222 6673 434.03
98 5372 508.39
164 3711 856.19
283 1490 174.19
254 3310 906.59
96 3433 493.84
280 4154 900.44
64 6897 117.08
138 102 925.01
122 8986 29.60
218 7778 311.17
166 6749 399.35
34 3204 407.12
281 6263 354.43
137 7582 976.86
234 3630 885.10
10 981 412.08
252 4358 921.95
190 2258 730.17
157 7479 265.31
287 5289 275.87
163 7526 544.27
256 2485 782.36
143 5870 804.71
229 762 203.24
53 2335 98.96
49 9553 975.38
222 6008 731.45
150 2292 212.84
220 2772 380.99
146 9913 22.10
182 7279 668.01
279 7032 473.72
175 1374 613.07
188 3380 528.89
158 56 127.34
282 8574 839.91
73 4752 212.08
81 5660 34.97
12 2040 855.63
121 4467 704.90
293 9588 478.75
258 8129 42.79
96 848 786.64
156 3676 687.75
286 1181 609.69
161 6708 357.25
182 4040 833.11
12 797 274.55
237 6569 948.01
251 4142 149.73
5 3252 762.20
191 3044 176.96
138 2722 379.77
68 8031 354.87
193 7123 804.45
146 911 5.78
109 1988 704.98
257 7457 583.19
86 2405 761.72
281 9445 455.71
238 6110 900.96
219 4150 304.00
269 3066 532.90
47 2095 559.45
13 2985 626.59
225 5429 739.22
94 7052 464.02
64 6845 149.37
221 9859 203.40
200 9489 279.72
143 2600 713.96
289 4145 159.96
192 7520 84.50
106 4012 8.49
186 8417 3.73
145 260 939.87
102 6008 571.71
224 8100 905.90
191 9055 741.25
221 1793 600.99
71 9178 913.14
170 8200 75.48
90 134 714.91
27 6519 172.67
249 5057 731.15
215 9473 273.17
9 1989 902.97
257 9362 223.40
123 2370 579.26
241 1677 714.63
61 5440 492.86
44 1994 7.24
107 4947 221.56
125 2151 966.67
215 9373 437.17
84 4254 74.47
287 1691 499.98
37 3623 747.88
198 887 206.24
198 7162 633.01
156 3680 475.29
7 8020 661.42
152 2862 142.54
174 9662 458.05
27 3672 829.23
227 8734 479.35
109 6982 891.50
188 826 412.09
210 7755 68.36
83 2394 711.29
75 1503 946.60
101 565 118.22
300 4312 498.90
278 917 7.18
244 1637 442.48
30 6557 829.19
295 2965 435.08
26 9876 483.69
57 6839 744.89
142 7473 735.58
205 5142 364.51
259 7950 68.06
60 90 950.09
51 491 174.75
93 3440 488.91
197 8010 257.50
39 5931 566.84
225 6809 385.86
293 1015 140.31
95 4420 494.68
79 4305 75.24
198 4742 153.32
80 1833 967.09
34 3072 905.16
78 8094 992.24
207 5206 914.02
99 8612 331.43
117 9509 161.87
228 9519 216.49
276 3483 160.26
70 8060 968.28
140 7244 541.93
8 1837 234.59
59 8726 177.78
88 6516 809.55
78 2389 27.68
201 9239 992.89
115 211 203.33
47 7645 121.02
46 2588 445.34
38 7419 853.03
197 1138 67.18
13 9357 254.68
33 4510 332.57
136 2411 550.81
249 9348 754.71
222 8341 557.75
230 6010 937.87
189 4435 750.81
234 806 514.29
92 9004 673.23
255 7150 776.48
64 8296 499.75
87 558 569.74
134 4309 858.46
258 1238 730.12
237 301 123.81
94 2280 331.02
211 2880 972.80
160 4967 175.22
30 9550 503.82
76 894 112.27
200 4034 187.75
110 8741 674.11
287 5318 402.53
89 389 344.20
195 9073 792.95
42 3775 578.18
248 8928 879.23
40 8944 765.59
41 7667 497.34
251 6163 402.07
26 9458 421.01
211 9363 439.00
39 2474 177.75
276 4785 832.78
296 435 664.68
255 8683 518.11
69 4260 971.03
61 3620 149.94
145 6832 976.23
25 9116 190.02
206 3065 686.70
143 860 690.23
162 5824 223.13
182 1581 919.39
42 5450 380.50
208 4823 651.19
70 2005 772.82
258 4903 239.81
151 1153 256.82
152 1952 419.04
245 3565 902.38
12 5231 705.97
122 617 306.51
297 6345 484.38
61 7712 880.73
278 6192 545.80
218 1173 463.89
50 4760 970.91
105 6561 399.41
138 4866 812.90
183 6239 740.51
28 1962 125.55
198 6268 803.27
294 6244 783.46
216 1831 315.51
181 9972 392.64
25 371 930.75
77 9709 330.68
239 3395 422.75
200 6997 80.60
236 3679 194.11
75 4338 97.97
227 1078 398.52
24 6147 134.68
48 2848 574.64
59 6076 798.35
144 7476 956.84
160 7913 22.92
223 6234 750.12
53 6768 240.47
261 9060 859.66
282 6177 685.43
243 5018 610.69
51 8165 511.98
7 3706 27.12
286 6595 165.33
49 7126 475.95
106 6836 67.27
274 5710 231.04
265 2172 843.99
283 7986 14.72
191 5152 607.33
64 1744 101.70
178 1057 218.73
164 8242 477.76
214 1895 761.28
113 1671 27.18
195 6205 652.55
25 8758 844.59
194 5493 98.96
242 8835 970.39
237 5080 776.27
56 3333 676.75
171 6464 17.81
160 1973 178.58
137 4522 107.80
294 5490 831.55
216 5129 248.11
41 4727 756.53
255 286 614.00
175 2248 401.14
282 9080 839.26
180 4500 470.74
299 2491 2.54
297 5561 299.79
113 6579 492.88
293 267 151.19
171 374 957.46
193 450 120.12
25 2735 576.65
135 9864 53.76
200 202 909.43
31 8706 295.05
177 8021 468.88
210 9920 268.13
100 9902 390.99
218 5119 746.22
28 6024 867.81
27 3053 241.92
70 3613 398.84
251 8746 254.27
224 9090 260.48
289 8566 125.49
256 7318 340.92
5 7894 478.14
282 5021 954.82
14 465 496.76
244 4090 95.39
212 466 509.77
5 273 257.94
128 5907 814.23
250 49 875.12
41 4845 388.61
236 7180 133.99
247 8294 123.69
223 452 832.80
256 3688 687.57
124 5200 965.19
269 3526 801.14
22 8595 337.14
255 1949 886.24
247 8284 317.51
57 7401 705.30
78 2264 801.12
7 2190 434.78
67 3836 645.65
126 758 569.17
269 1295 938.70
117 6693 754.52
4 2275 136.96
80 8536 801.82
207 8994 762.99
286 3624 831.30
201 7806 421.06
152 7787 709.35
103 9233 358.02
69 8687 641.62
46 9945 653.20
33 9345 826.55
57 7249 555.65
129 1880 110.78
209 4051 930.91
32 3198 997.16
156 3013 303.28
81 7943 11.37
85 2818 346.33
94 1707 532.87
37 7436 757.39
180 2826 22.13
141 5941 456.23
42 3136 774.54
257 9945 991.02
152 2145 850.37
11 3737 120.04
164 4148 604.61
144 1609 217.18
47 192 390.79
212 3135 984.26
231 5884 443.76
209 5685 247.12
189 7200 346.72
105 6895 77.44
255 5136 702.70
230 7117 825.01
243 5565 40.17
99 7940 522.58
152 8267 404.90
121 9534 573.56
300 3610 22.86
238 2015 691.87
190 1445 127.41
109 6353 366.34
6 4890 15.13
295 2452 361.08
103 7632 841.41
34 5534 172.50
274 4902 224.28
119 1042 46.61
175 4101 951.61
151 3456 508.59
106 3268 8.99
192 3008 698.76
289 8031 456.90
124 3105 828.42
83 8837 479.77
35 9930 551.40
75 6730 18.83
293 874 249.63
209 610 910.51
112 7866 160.40
13 1535 279.75
74 5248 2.31
269 8302 482.83
240 8562 911.61
61 82 52.26
181 6457 693.62
268 7235 648.64
7 612 609.10
148 1110 754.04
75 3620 110.95
114 3787 767.41
33 9763 137.88
9 7456 187.94
249 470 888.59
251 7817 630.20
136 3378 51.12
277 2440 421.83
248 5189 339.24
129 4725 811.93
22 686 126.64
40 7537 651.69
236 3596 12.35
180 9846 548.57
16 1098 948.06
224 6261 940.73
91 3132 410.38
7 3589 730.59
155 4874 928.87
254 8876 221.38
160 3186 281.12
171 8794 954.09
50 6635 900.13
198 727 322.24
142 2396 696.54
111 6055 597.39
276 7996 592.94
18 5708 915.68
163 3179 559.51
141 5594 976.69
44 761 402.60
33 7473 510.62
247 521 854.11
232 777 432.59
267 8276 438.30
227 4710 735.65
6 9147 928.61
152 8364 64.78
18 937 603.53
76 3339 973.89
241 3155 660.06
121 8991 47.50
96 6545 927.01
266 3385 694.94
262 8076 729.44
49 4438 959.04
48 4617 24.08
258 3579 730.91
135 3692 185.50
14 6645 523.93
89 842 970.67
156 3996 739.62
283 3018 979.61
206 5077 38.17
281 7869 30.93
277 3564 179.05
38 6032 231.38
45 1811 243.52
82 6721 178.18
157 3471 834.80
127 8646 583.64
73 6153 774.65
86 9448 713.18
9 6879 694.67
163 4802 292.72
31 306 349.49
219 184 650.12
108 9482 818.50
78 7098 256.58
13 5275 671.05
110 8011 41.38
265 9908 656.48
19 5777 800.67
170 1678 9.85
247 1244 950.95
127 3162 488.70
149 897 115.46
158 4037 608.77
215 4154 208.55
194 615 999.05
162 2814 927.37
138 2565 794.22
299 6287 696.57
131 6523 21.52
267 3385 256.63
184 2725 90.66
56 372 202.74
247 4354 80.96
118 6080 159.09
149 5232 998.98
229 418 902.83
57 5979 674.42
252 2709 190.32
82 4935 725.81
87 7568 864.15
290 4835 712.35
115 3625 834.53
16 9845 968.08
48 5163 523.92
294 2481 91.02
129 4813 256.24
281 257 317.89
85 2443 143.07
168 7142 919.40
190 7660 196.27
40 7591 536.05
201 8484 458.63
195 9401 162.02
169 1263 720.64
212 5260 93.80
261 6268 288.94
282 973 40.15
159 1516 235.43
118 760 647.07
198 9394 734.70
122 5806 149.20
96 8376 130.55
116 6884 778.56
258 9042 918.78
19 8251 262.96
8 4595 263.35
139 5998 937.81
214 7290 1.26
102 5252 388.35
99 2749 291.42
160 7183 161.98
279 4315 388.57
32 2634 623.64
58 9445 599.23
265 6495 828.68
295 1387 755.17
138 9188 153.90
190 8235 439.62
122 7369 12.04
87 10 100.77
161 1257 915.87
229 6793 202.63
260 5941 564.94
22 1138 796.53
26 9404 850.11
274 1882 754.90
53 3727 205.26
70 7740 13.47
130 4840 372.35
225 1918 573.88
252 2223 764.63
220 7988 548.85
113 8005 829.20
23 5976 123.76
19 4004 215.80
114 9279 895.54
228 8035 86.49
253 4162 293.57
70 6635 825.01
18 5288 538.42
194 2466 107.78
196 1770 790.23
9 1190 797.45
220 3460 694.92
172 8138 922.53
8 713 331.38
143 3981 323.15
86 5842 854.43
111 1544 569.04
181 9078 103.37
38 9286 586.80
57 1093 68.39
103 6706 444.93
294 7250 920.40
69 276 808.04
183 8782 384.35
117 9900 672.37
51 8089 249.73
267 9541 956.91
218 8812 141.35
159 5488 958.76
139 298 182.89
291 563 653.23
232 3676 391.88
167 7755 524.09
58 6817 516.91
78 1965 37.66
65 6958 202.56
223 3362 637.51
52 20 979.01
235 8554 216.20
11 8474 547.74
155 727 839.09
281 5756 325.46
25 6227 216.35
119 5705 298.96
221 6616 636.27
284 1401 599.89
211 3862 254.91
28 2783 174.32
191 5575 687.44
271 6059 650.32
260 144 19.23
275 457 364.52
227 1729 26.42
51 9115 797.76
30 1901 601.98
169 7261 101.05
253 7759 667.71
94 7049 70.75
134 5014 504.63
261 8008 56.43
32 2273 667.26
183 354 775.75
102 8653 222.61
193 6591 43.30
182 8531 303.13
18 4465 135.67
107 9876 797.89
230 2109 831.31
248 9707 990.16
208 2135 584.10
16 740 687.70
204 7016 379.24
38 5888 112.25
273 3208 638.23
125 7408 173.36
3 9870 952.64
6 2695 199.35
281 6421 268.03
110 1679 7.21
44 3169 884.58
163 616 870.50
171 3872 360.89
236 1709 912.64
167 9222 200.66
115 3596 746.82
20 4801 338.45
24 4864 864.65
75 7026 533.54
192 4973 937.12
287 3637 582.70
36 9395 85.38
271 7825 826.07
169 1912 734.70
269 7759 550.77
276 2053 896.99
149 4460 348.98
80 6042 852.69
213 9252 349.07
244 8202 178.79
219 1376 567.75
130 3881 304.63
37 8247 107.97
225 5479 445.92
10 4011 498.74
234 2043 462.13
174 4313 251.84
268 3008 362.80
15 4975 485.28
70 5900 212.30
217 3632 681.24
93 902 909.67
277 1488 347.73
244 2362 224.76
118 2124 470.17
113 7497 311.53
296 5245 691.14
93 9254 884.25
140 794 144.58
281 4884 501.90
223 6745 393.29
219 2453 568.86
188 5635 432.08
116 5321 365.91
159 8330 667.47
187 7279 363.69
295 5880 105.78
192 4204 859.57
220 6743 782.78
283 5269 221.05
68 2058 570.32
271 5699 105.41
139 7081 27.75
179 9100 291.40
38 4923 289.69
233 8333 158.80
76 4914 991.47
12 5599 375.30
126 3135 964.12
256 7054 919.11
199 1719 2.12
252 4894 361.91
285 5534 407.74
231 880 247.53
163 119 156.98
57 65 598.54
120 464 812.25
128 1727 361.91
234 933 993.44
253 112 235.52
172 3096 286.87
238 6558 362.72
207 6339 721.03
85 7153 761.00
25 1495 566.30
99 4752 180.76
254 1525 456.64
275 291 815.96
121 4944 886.78
18 984 217.44
16 9342 250.22
196 5783 50.80
177 104 815.08
131 973 579.01
265 9372 280.80
67 2881 872.45
144 6173 5.63
99 2439 357.49
223 6095 887.90
97 3167 351.08
15 1259 137.59
4 2034 479.60
248 9155 778.90
220 2962 897.17
197 8144 763.96
256 7100 262.41
254 7218 161.50
277 6551 114.03
240 6936 347.60
87 8243 571.55
170 6725 738.49
245 8595 631.81
270 2028 823.19
213 9526 975.32
45 6924 777.73
104 8134 995.93
295 5173 153.46
165 199 108.58
183 7872 359.06
29 7149 618.31
75 5526 827.37
205 4030 682.57
258 1614 773.11
106 6010 391.15
294 6349 204.55
280 1569 701.87
34 6046 377.33
53 565 383.51
79 4419 792.62
212 5551 418.51
292 4499 319.64
183 8200 643.32
241 9902 860.41
187 853 624.12
217 7220 113.40
143 5717 16.99
297 5600 208.30
207 4095 64.77
55 4880 104.37
251 6822 234.26
87 3076 340.90
30 7479 49.49
266 2164 425.65
273 7200 158.23
47 3976 821.23
111 5160 977.26
165 2575 773.50
167 5147 771.52
283 9063 172.55
131 4163 705.11
246 2363 536.52
193 4354 420.03
39 8448 393.33
195 2147 523.50
83 8020 376.23
14 4779 317.80
60 3187 338.09
103 4400 587.73
187 1569 562.01
90 2980 364.48
26 5793 149.03
47 7078 46.03
107 1355 344.94
265 2883 869.55
76 5098 421.70
99 9905 179.82
109 1491 745.39
100 3990 658.49
217 7237 817.33
36 3687 283.73
216 6443 832.84
194 3631 952.36
243 6556 291.45
173 7609 159.55
167 2576 946.54
276 7577 573.11
125 5228 283.52
34 2251 608.23
275 2215 217.57
164 595 294.38
171 4509 371.05
40 3819 720.30
79 9989 191.35
75 9351 819.82
211 712 678.65
190 3078 651.89
93 9987 935.33
145 6137 452.09
224 6937 224.42
195 9423 814.81
150 6170 152.93
235 9109 248.57
25 261 912.57
229 8821 114.35
110 9258 175.11
40 6528 173.77
132 9930 73.79
283 2433 381.48
25 2206 555.76
139 24 563.65
140 6731 218.39
151 8991 543.25
271 2072 426.93
249 7627 877.67
47 2212 330.44
263 8452 216.92
224 7050 384.87
81 4945 121.40
111 4929 439.69
33 4308 72.97
189 3473 808.89
116 3250 937.29
115 6045 240.97
77 7023 397.70
58 4110 870.92
234 6019 47.46
162 4220 782.45
287 1427 317.09
46 2243 787.44
273 5999 457.59
196 6565 447.23
251 770 814.00
184 9709 165.71
90 8015 553.22
45 6382 590.02
133 131 14.76
253 3847 967.34
249 6028 103.29
86 1036 792.88
40 2448 288.78
259 606 40.05
65 2298 739.70
62 2549 234.65
51 928 560.45
187 4791 227.28
95 8813 741.24
118 8076 135.58
150 2609 937.59
158 7612 143.09
248 5939 183.42
244 5642 495.17
259 2691 24.42
258 7998 46.97
205 7322 560.61
8 9084 112.07
183 7145 436.71
42 8949 460.45
111 451 822.28
202 6291 148.62
253 8894 472.20
298 4527 506.54
110 5326 474.24
70 4340 219.74
228 4291 774.83
217 7024 288.96
250 132 509.97
283 7070 465.13
189 7830 661.77
208 741 69.17
3 5107 28.11
271 5483 761.37
74 1510 392.47
166 4363 177.02
4 5536 361.24
12 9135 960.95
167 7620 268.14
298 396 80.47
85 3112 288.15
180 541 857.05
60 1913 347.44
267 5107 842.44
183 9929 815.58
24 224 928.01
271 3892 430.64
203 7337 181.65
201 5485 622.36
38 3104 362.44
205 2632 764.51
33 4984 885.77
216 3325 590.44
88 5860 514.83
271 6944 656.87
95 1686 403.57
87 7718 581.80
209 8106 213.94
26 154 35.96
152 6262 779.76
248 7115 261.74
6 1558 372.27
274 1166 560.76
210 1581 884.65
24 9394 15.82
291 2708 519.70
223 4281 993.55
82 9668 200.66
69 2461 557.48
40 341 435.35
136 6955 597.52
150 554 123.57
148 8569 106.79
73 5122 738.17
249 8990 918.04
50 2459 553.70
53 4206 873.87
156 8786 569.56
227 4560 735.17
49 4433 472.52
48 6527 976.36
94 9794 110.89
40 2832 904.81
274 1711 211.95
231 422 465.97
141 9022 48.06
52 273 739.68
11 5773 653.11
142 3006 832.71
167 6728 851.03
24 3819 380.50
3 2450 614.43
165 7166 321.81
77 710 687.92
256 1676 131.74
233 2621 585.01
231 4687 602.73
224 4813 340.42
159 7147 997.39
41 9414 792.76
154 3802 688.50
104 2358 232.63
176 4829 989.19
189 6929 461.85
65 2473 191.98
176 2627 265.34
11 6470 857.88
148 1327 741.30
192 2229 209.11
177 6231 879.99
211 8769 475.34
291 9763 821.11
92 8850 483.58
280 6104 748.97
186 2169 984.51
216 3549 327.96
15 9182 442.87
144 7247 968.74
250 1683 937.33
219 5988 544.47
91 7553 188.55
254 5134 981.09
52 1871 607.40
132 7605 669.34
35 2149 55.73
229 4853 535.69
109 4935 11.57
2 245 873.22
290 9468 352.79
267 7188 115.79
178 4176 167.86
150 1710 413.63
254 455 211.67
189 4109 236.58
81 7894 687.69
56 6736 531.58
139 9255 17.76
71 6845 263.45
148 9195 915.26
73 1351 205.46
65 713 419.27
271 2990 951.46
285 481 751.59
280 5973 898.97
153 3534 804.48
163 6559 736.54
190 367 245.57
9 576 801.22
222 6661 466.76
244 3775 521.03
96 2594 732.88
3 894 775.01
241 3114 759.81
97 5465 941.02
200 1708 807.60
5 2546 170.44
57 9830 810.71
28 2045 218.98
45 7798 637.56
140 8074 953.22
148 5559 98.38
11 5830 359.11
157 4025 282.61
272 6814 628.09
257 3057 235.94
51 4456 31.55
208 7388 632.40
31 8384 362.94
2 5885 527.10
236 3099 986.72
79 5640 164.61
15 9136 114.05
197 942 922.69
185 8997 92.86
154 4346 393.41
241 9240 741.87
39 6042 441.07
203 3321 649.40
139 8603 847.86
191 957 664.85
224 8413 973.08
253 2155 738.76
63 7105 905.67
72 4560 445.93
62 496 747.91
59 9873 353.94
21 5769 657.22
184 852 596.82
229 3114 938.92
84 3271 561.35
100 1780 274.31
77 1549 784.64
122 4469 701.91
113 5683 141.49
82 9102 941.86
173 5349 41.68
13 7690 82.00
85 1449 641.18
255 5599 38.06
220 1382 27.14
52 3897 383.29
132 8736 596.50
214 1994 210.64
78 5470 370.28
227 4203 274.19
31 3739 791.81
93 9890 192.36
88 6197 497.18
275 8353 647.11
68 5818 955.20
60 4608 472.16
6 1055 225.15
229 2347 803.53
104 2584 83.07
280 4316 372.87
77 225 764.92
68 3952 376.80
263 9772 833.24
213 3570 92.22
109 3106 95.36
49 5441 371.96
73 9287 312.64
29 5563 198.50
240 37 458.04
239 9715 546.16
77 7783 635.45
8 7803 193.82
244 9424 233.96
227 9310 776.50
151 1757 215.42
24 7341 790.21
269 51 148.86
268 221 212.21
74 7078 68.86
282 1476 716.27
280 626 907.90
194 2499 332.37
22 7797 331.12
130 5514 194.46
60 6993 362.87
98 8057 978.44
119 9822 414.02
297 6767 922.01
263 1140 670.79
180 5380 65.91
115 6905 274.18
122 7171 507.12
203 2571 138.98
45 1766 943.73
227 3607 793.36
82 9360 830.13
244 7159 661.14
90 1137 271.32
245 2378 989.48
92 4691 271.33
124 6482 226.82
291 7253 509.21
183 2463 528.07
283 2726 338.03
133 3515 432.53
277 4464 617.59
293 4335 591.17
189 1866 939.76
84 2312 784.50
176 2046 282.12
217 5850 626.67
38 5618 889.70
56 2782 12.34
95 3551 242.53
277 9742 654.52
59 4528 951.14
290 3938 605.48
209 1448 667.08
43 1470 561.21
3 8141 712.07
171 1524 706.78
13 9114 512.68
242 3686 620.09
234 120 606.76
28 1195 391.74
176 9806 276.43
222 6188 256.23
86 4793 847.36
292 960 450.45
25 2196 377.96
223 3641 652.65
2 3283 83.71
246 6127 50.66
183 9043 44.64
293 2916 773.03
57 8157 407.40
294 7431 858.77
198 6362 809.70
222 9069 288.88
185 8233 109.25
296 3649 790.05
55 4940 821.19
83 225 441.95
254 6705 856.91
2 2974 394.86
299 4042 557.07
22 7459 936.65
170 244 531.55
145 4478 764.12
40 9164 730.33
64 171 506.93
269 5924 416.23
6 540 949.70
256 8446 681.80
258 862 440.36
61 8589 457.57
245 7197 264.18
275 4361 892.70
37 1986 961.19
51 8595 117.37
188 7995 281.91
24 9964 872.29
293 7926 269.46
47 3678 322.01
229 87 52.00
256 5120 271.38
231 8116 209.67
122 8656 600.20
196 5435 175.43
75 9195 297.65
158 7290 494.78
44 6685 429.79
267 4814 311.26
130 7871 244.66
54 9764 945.86
89 1626 42.46
277 4264 238.69
82 9579 349.00
184 3084 218.96
178 9391 529.13
253 1979 950.85
141 2793 112.23
10 8984 768.90
105 5838 809.38
163 2813 167.17
22 8473 683.57
76 8257 903.07
7 5236 298.98
75 3847 818.89
17 5042 833.36
189 6575 15.11
172 3051 785.58
57 266 291.63
194 3130 440.83
241 9589 107.97
249 4532 697.51
164 8530 404.06
42 6767 956.17
173 2607 615.41
58 14 623.58
148 6202 327.77
91 4407 583.96
23 7354 302.15
273 8180 474.06
256 1624 634.63
10 5726 824.12
104 3990 946.70
246 6850 989.20
151 1920 71.45
99 2791 166.14
137 9008 321.65
32 454 284.39
140 2973 918.27
66 6121 203.10
169 8679 110.09
114 8755 388.65
149 8589 164.81
154 844 907.87
253 466 647.83
216 5444 51.33
204 4822 227.70
111 130 923.64
262 3584 938.10
75 9452 997.67
245 7231 720.76
107 1388 769.63
48 478 855.42
238 9341 640.53
136 4082 171.89
20 6811 975.31
10 1926 993.45
129 2973 78.20
179 6829 83.14
50 409 852.66
39 4112 13.46
202 1782 292.08
148 9257 430.13
64 9899 487.94
128 10 417.69
227 2042 811.38
142 8500 575.49
79 6090 857.82
138 8253 61.57
20 9947 742.12
38 6229 676.21
20 313 917.44
289 717 906.33
64 3106 33.22
257 9607 896.31
221 9645 683.49
119 3592 778.89
89 3519 133.77
75 6240 775.09
269 7297 744.76
277 3014 902.24
25 7055 743.56
28 2510 312.34
85 5312 657.99
239 9158 327.80
129 3760 395.90
276 6035 194.78
170 2854 49.28
73 4281 272.39
44 5929 611.35
38 4824 161.47
220 3769 37.35
91 719 106.75
280 7834 819.79
286 8254 271.75
148 1762 962.24
110 3951 837.86
198 848 392.68
254 934 833.02
95 1848 156.20
204 9748 190.99
249 4610 663.82
7 5061 124.31
226 5844 719.80
57 6833 574.43
93 3750 158.83
152 8405 431.84
220 4553 761.31
46 9696 68.23
286 5029 32.35
167 6097 282.28
155 5184 862.48
99 4325 656.35
237 6191 188.21
126 3643 490.68
127 5588 750.43
64 7017 697.64
157 7147 768.45
183 9425 189.00
206 3608 843.93
288 1679 958.89
215 8119 209.39
182 9968 655.24
58 8775 359.59
82 2317 726.93
231 6636 115.84
65 6356 232.99
195 2207 687.95
105 2494 944.56
275 922 896.58
268 1429 797.01
170 670 223.51
28 6780 712.60
135 4047 513.18
92 3619 999.39
249 1695 744.72
53 8899 792.81
230 7387 276.06
38 3825 785.18
172 4838 102.07
86 8417 742.50
151 7226 61.14
211 2859 991.36
46 6388 171.72
257 9112 277.53
66 7576 725.95
123 6322 1.42
80 4310 672.24
187 304 97.68
178 7648 850.51
144 1828 333.50
75 2481 798.38
60 2877 77.64
69 6619 712.84
284 9175 788.16
58 6633 567.09
278 6108 286.71
128 7776 283.23
255 9943 130.20
239 351 49.19
237 7942 965.00
246 7782 550.72
173 5911 134.24
193 1283 294.52
132 7204 427.00
78 2838 833.74
199 521 884.81
271 9753 960.12
227 3435 592.63
247 5755 82.30
258 2371 349.15
41 3587 611.18
192 6922 203.45
236 8284 259.43
106 2803 983.78
50 9167 385.59
256 3263 378.10
250 6608 963.40
40 4647 712.79
8 8727 38.52
11 6151 266.31
123 9721 785.18
125 1841 172.43
124 2809 130.34
234 2496 613.44
52 3902 719.59
70 5815 451.44
136 2822 375.59
244 8238 845.56
218 9452 980.41
274 4846 127.22
156 7176 793.89
106 6630 667.67
26 401 184.43
210 8660 906.06
280 1339 555.04
73 7930 123.81
291 7681 519.81
150 3796 655.84
231 8068 33.57
184 3437 665.30
245 1965 582.54
146 6513 884.12
259 1848 347.38
277 5912 129.09
77 3846 319.33
292 2002 474.48
300 5245 620.52
248 8493 906.89
112 9213 501.97
73 2157 10.58
37 3714 689.66
183 104 166.91
69 4715 464.90
177 1139 262.84
193 1449 619.15
96 6314 607.87
174 9762 618.48
257 1768 448.19
258 8426 647.17
75 4892 426.67
4 8311 2.84
289 6535 353.12
41 7450 516.13
212 7762 71.25
55 2145 443.10
252 2491 166.53
88 2293 643.61
223 6590 175.58
139 661 340.22
164 2179 684.24
91 5371 820.36
228 6072 200.32
144 329 569.32
289 9334 821.74
187 7916 552.33
79 3931 126.16
222 1198 399.41
177 2531 756.69
279 1470 795.75
127 6238 413.23
100 6625 620.85
107 1024 301.28
229 7637 529.00
109 6999 163.77
197 4072 723.32
238 4126 988.52
36 2570 49.76
19 9728 740.96
149 9436 88.85
238 8721 909.55
15 210 778.94
180 8048 679.93
270 1674 741.24
138 2522 899.29
128 573 626.14
99 9394 265.21
155 456 961.70
115 7905 930.89
99 9459 727.38
232 3910 111.51
250 7830 758.17
142 3354 260.45
187 1787 241.36
145 6141 887.69
282 7668 124.47
243 6895 824.41
200 6562 192.80
84 1465 373.55
80 124 685.27
82 5090 705.66
2 7047 116.36
247 8543 863.29
220 4288 811.28
187 7241 206.79
190 6371 861.49
51 9692 753.15
117 5470 216.36
30 7316 878.20
120 2187 252.44
267 2832 934.68
296 3848 231.68
110 5567 623.44
23 9156 748.04
265 4010 123.89
114 5893 921.22
31 2266 176.62
115 7982 926.72
139 223 503.34
162 4563 451.92
39 8663 67.53
283 648 533.54
266 5778 463.66
222 4585 389.61
79 6259 832.61
120 9483 128.06
246 1000 223.55
33 4797 282.94
62 7528 745.31
182 3259 569.13
44 1742 924.42
80 9953 98.56
257 5239 83.60
187 2098 738.59
3 7070 337.01
27 4627 738.17
82 8845 854.60
12 2710 347.38
230 9873 663.49
139 9359 349.97
116 1832 517.48
285 66 498.21
76 2650 821.40
75 302 323.85
44 5828 222.64
112 6288 315.75
83 2706 232.31
159 8170 302.29
130 7642 859.31
53 10000 972.10
16 8623 999.62
66 4248 80.85
218 2697 753.01
292 9668 147.27
10 2674 4.91
129 9407 555.35
200 6972 35.46
6 5532 415.14
199 469 169.52
126 2821 214.54
220 9651 578.13
30 6373 356.43
285 6323 711.80
77 2753 701.11
90 661 939.00
287 6329 367.26
208 9634 119.82
192 9466 509.32
243 5528 544.67
265 8979 576.45
297 7073 826.04
226 4643 939.64
300 7519 908.66
51 3081 660.42
103 8148 208.24
203 9211 665.27
65 1312 207.96
167 7386 900.49
8 8306 386.11
25 9207 495.49
181 399 68.07
195 7696 740.98
154 258 498.67
245 5775 855.65
101 6213 784.36
133 8301 890.37
207 8453 267.00
178 6065 862.77
245 7377 897.13
256 9446 680.76
14 1394 444.20
117 9682 144.47
241 3773 358.45
99 5891 565.49
273 60 439.84
242 9751 288.11
25 2500 290.61
130 2622 987.22
49 6985 649.77
217 2865 911.51
72 3632 512.80
41 9265 269.29
120 6782 112.54
76 4208 106.02
167 7706 705.74
13 8636 787.41
247 5656 884.72
157 9974 457.84
166 4029 505.98
99 7167 725.17
153 2861 931.94
179 6418 364.91
292 8901 454.91
51 2043 634.59
270 4395 948.26
246 3686 21.34
155 2200 682.64
184 9448 372.74
70 3043 25.73
166 4331 175.39
278 434 949.02
105 1408 667.37
17 5643 782.24
294 3067 557.59
113 8469 93.50
147 5279 265.33
189 2175 278.10
219 5951 305.27
86 3862 223.18
259 6061 558.89
196 9760 222.12
10 8008 505.89
115 6467 323.07
149 1786 85.02
80 8886 92.66
198 2336 593.30
280 7976 238.43
65 8781 758.56
101 174 549.09
210 8851 322.65
114 5201 958.85
226 490 731.72
218 386 534.92
296 7352 352.40
265 4178 103.46
19 2954 350.13
151 1458 38.43
49 3995 497.24
201 8034 20.08
144 8821 564.21
159 8352 585.72
33 8900 376.82
3 5066 571.08
293 1675 317.67
32 2327 737.72
222 530 514.50
249 9372 22.07
188 2355 495.10
47 9856 898.51
136 4904 591.93
59 5793 881.24
34 4602 759.68
151 8245 908.30
233 3817 180.32
287 677 260.69
293 6853 625.60
192 4727 74.54
196 3025 668.01
277 5929 413.70
209 4697 654.43
75 5004 888.38
126 1774 180.10
105 8090 163.18
212 6252 648.37
148 8560 64.12
11 9584 979.02
265 1885 962.19
110 1511 719.17
205 7059 184.85
74 3586 383.95
266 5428 649.60
213 94 740.62
244 2716 960.84
230 4975 168.16
181 6478 399.01
63 7747 829.41
4 4358 373.19
260 8312 100.90
65 8209 397.05
42 2247 237.05
219 8823 734.15
221 5313 294.55
295 1882 822.91
224 4101 180.74
146 4602 952.37
21 8214 471.17
92 2048 781.22
190 5558 269.91
179 7417 186.23
88 5553 154.04
181 1859 847.27
245 5988 239.92
93 1848 455.30
189 3075 722.42
83 4392 291.44
37 4478 454.05
155 3070 744.33
65 8750 113.64
236 929 995.88
185 5530 853.34
79 9581 692.52
8 4758 111.08
112 441 394.14
177 5133 556.29
263 5590 567.20
193 1238 56.81
12 5213 884.70
179 9730 105.69
256 7654 609.03
234 1489 866.83
83 8189 542.16
94 5943 925.07
95 438 11.07
35 2743 497.14
98 2848 650.73
37 2250 532.71
296 9147 180.99
204 5773 603.51
158 3133 58.39
26 2850 552.66
186 292 237.50
123 7324 582.43
269 6700 972.14
235 6434 170.82
39 5818 388.33
160 2523 241.06
120 4872 449.53
23 5606 841.63
139 2732 369.29
63 5805 946.64
186 583 238.53
99 5728 440.37
193 3033 353.39
35 8261 215.74
227 9276 206.76
255 4107 382.52
267 7889 451.56
155 7652 910.98
114 841 786.20
52 7530 617.55
44 6775 693.93
85 3975 826.72
124 3777 912.88
289 949 960.56
261 4953 816.39
221 8670 593.55
68 4049 793.94
16 3887 679.21
275 4283 608.83
90 2385 704.85
39 4482 366.84
213 153 653.77
10 9273 858.49
68 4351 15.24
245 4682 930.92
32 1813 157.54
99 4957 134.76
252 9114 617.70
214 882 231.14
216 7150 755.15
247 6264 266.39
99 5594 321.90
19 7364 643.52
278 3262 627.29
292 3031 500.16
223 7033 377.46
236 6067 372.07
165 5047 197.41
245 3400 126.05
14 1899 179.21
64 5624 263.23
198 6305 174.27
50 8777 137.54
139 8687 888.41
132 2795 923.31
220 1168 681.16
250 8812 792.62
231 4854 45.54
291 2280 133.80
252 1511 578.29
129 1841 962.37
150 1122 956.73
4 5778 748.76
125 8551 149.02
205 5520 931.56
94 3429 45.04
37 2584 815.46
70 6543 361.45
80 1536 487.32
201 5201 915.07
24 9024 102.38
128 4461 291.57
124 1593 866.07
5 9139 993.12
86 1918 18.73
214 6191 226.19
248 2787 811.99
75 1028 619.30
240 488 739.85
288 5281 63.52
26 9308 889.66
118 9997 861.63
46 161 891.00
48 9791 208.43
98 8644 693.50
3 947 57.32
161 2859 852.95
206 3490 835.29
62 7338 88.14
192 402 86.43
297 516 223.46
6 1376 339.01
35 4506 53.25
197 7766 935.27
278 7805 123.60
32 4409 951.74
59 9975 788.40
91 4915 672.39
114 7665 364.24
47 2885 907.07
68 5352 944.84
156 5545 733.20
203 4850 845.98
66 5036 86.18
273 6212 374.42
227 4694 584.38
81 6462 856.27
92 428 397.56
136 6854 38.48
196 3007 451.94
3 1214 870.47
121 8697 404.12
162 684 489.72
297 6884 401.88
172 8073 455.96
43 3350 896.42
80 1335 912.76
205 519 819.15
24 2715 857.32
102 2423 175.73
219 6975 611.66
55 794 171.84
116 9695 971.40
144 5337 361.43
261 6268 182.06
178 3930 553.07
74 333 99.99
169 3810 172.94
64 1919 804.96
63 6528 617.96
178 8505 443.79
11 7783 467.33
276 6970 525.36
42 5973 805.45
267 6957 63.03
138 4832 905.68
6 9313 681.57
197 3879 69.47
104 1715 164.57
249 1568 199.72
119 5261 800.51
158 1882 649.90
101 4699 79.77
183 5998 855.29
23 6142 820.20
174 5943 658.68
41 7886 82.88
273 84 180.33
213 323 175.32
274 5753 409.03
206 7801 711.27
293 8806 831.43
266 1265 951.63
56 5113 353.56
19 8941 226.64
30 1229 573.41
90 4817 767.31
27 4881 144.13
45 5324 891.38
251 9169 965.28
5 2475 346.05
49 5975 257.06
252 4843 85.57
205 6986 322.37
162 5152 929.03
292 8389 497.95
185 6788 199.95
69 1763 168.76
112 6973 484.06
40 3314 669.45
64 4436 671.69
202 6069 256.29
197 4770 845.74
295 4535 881.74
83 2487 715.55
268 1874 777.94
66 2411 874.73
122 5126 640.73
154 6562 845.37
119 9328 577.91
154 2440 279.72
10 9179 23.79
112 3190 414.57
234 9546 171.77
255 579 982.63
211 2428 971.43
19 6394 168.96
4 4737 679.31
102 4093 833.69
248 5327 262.17
23 2339 983.96
145 7368 737.04
226 493 243.85
131 1144 941.11
287 803 46.17
278 8879 401.29
195 3908 907.47
155 4200 621.17
74 9017 136.60
284 3283 114.08
250 7826 927.78
10 2210 404.21
20 5946 388.99
52 4863 806.08
227 6241 704.91
254 4698 803.90
79 7842 291.08
188 5101 673.43
282 6616 407.98
68 3619 340.74
255 180 438.57
10 1644 872.03
69 7037 639.58
225 3239 594.92
202 4142 816.02
233 5146 614.79
26 2378 480.52
277 7342 843.91
210 8609 995.74
152 7984 737.61
220 1579 47.22
95 5238 44.63
299 3368 908.88
184 3583 920.20
78 2941 833.72
67 180 140.92
130 7119 874.60
47 3314 614.15
83 867 892.32
274 8241 251.01
208 6870 281.01
185 5424 367.31
221 9831 67.89
69 6587 281.46
152 6770 378.40
104 7859 965.94
119 4500 402.28
280 9747 837.39
78 1116 360.39
226 1284 703.37
67 8362 681.04
38 4327 801.16
205 8858 790.52
77 7645 83.18
170 6679 602.99
108 3320 496.62
115 6098 865.78
138 890 392.99
39 1308 494.85
23 9762 96.57
185 7026 222.61
86 8011 999.33
164 8502 742.78
141 3282 963.95
71 1718 578.91
263 4354 662.51
241 4757 548.51
137 2478 620.34
176 7604 200.99
214 1659 327.00
210 3610 554.63
248 6481 424.42
222 5973 740.32
206 8748 866.44
292 8596 631.04
268 6259 385.47
234 5755 585.59
205 7206 594.09
43 8440 491.68
219 543 339.42
19 5095 400.65
279 8057 61.13
130 4851 788.40
190 6132 706.73
288 7749 986.42
188 4512 790.01
173 6634 961.42
1
300
1 1 8.96 0.00 49.84 
8 181 8.94 1077.69 1209.04 232 5.56 864.34 962.63 20 7.59 1042.60 1163.01 97 4.93 1158.60 1248.11 159 3.62 1040.65 1157.96 116 7.56 919.67 1003.22 25 2.02 1075.22 1194.24 169 3.85 899.14 1015.37 
4 270 8.56 1856.97 1943.34 299 8.42 1461.32 1533.15 267 7.97 1453.39 1572.70 178 5.56 1539.80 1633.02 
4 297 6.71 1774.48 1895.54 21 3.59 2310.94 2386.46 65 9.28 1964.56 2088.90 37 8.69 2015.72 2091.73 
4 200 5.55 2365.99 2486.18 136 4.90 2591.14 2710.05 2 1.33 2484.32 2560.34 142 2.17 2621.08 2711.76 
4 133 3.46 2892.11 3020.64 245 5.31 3134.70 3255.11 53 9.43 2976.67 3049.07 275 1.62 3136.77 3253.04 
4 14 7.40 3324.28 3427.19 179 7.64 3340.66 3427.00 233 3.85 3185.63 3316.82 3 3.93 3374.12 3484.47 
4 151 4.54 3648.12 3730.08 205 2.18 3726.64 3822.56 139 5.03 3483.80 3599.98 62 5.86 3556.87 3666.35 
4 128 2.04 4130.17 4198.36 80 5.23 3992.33 4087.42 216 1.91 3999.60 4081.25 18 9.61 4068.42 4193.59 
4 130 2.11 4098.05 4203.65 214 6.12 4634.57 4758.11 219 9.49 4501.39 4578.97 22 8.02 4544.81 4636.72 
4 181 3.50 4504.71 4602.80 97 8.22 4822.11 4905.27 116 3.53 4663.32 4783.66 169 2.51 4450.33 4541.65 
4 10 1.69 4881.42 4988.56 222 1.16 5041.89 5123.44 93 3.17 5029.60 5100.12 212 4.67 5172.85 5286.19 
4 109 3.43 5371.18 5467.90 236 3.89 5430.99 5560.48 261 5.87 5786.66 5886.63 72 8.94 5569.90 5653.90 
4 276 9.52 6073.13 6170.52 239 8.60 6255.47 6374.02 49 2.91 5954.51 6061.06 56 2.05 6002.07 6093.90 
4 160 9.89 6462.24 6540.12 108 1.08 6913.89 7039.43 29 9.14 6368.52 6435.72 218 3.17 6583.01 6677.80 
4 113 7.84 6946.40 7028.93 278 4.50 6943.45 7053.50 13 4.92 6885.25 6971.13 174 1.37 7103.69 7193.41 
4 30 9.15 7091.99 7215.89 68 7.22 7159.38 7257.47 272 4.58 7543.34 7631.65 209 9.62 7194.23 7288.27 
4 88 6.38 7703.95 7792.15 82 8.80 7869.87 7962.33 43 2.51 7922.85 8007.24 274 3.19 7799.02 7897.70 
4 79 8.82 8188.80 8260.23 228 9.91 8223.59 8356.72 203 7.76 8196.95 8265.55 252 9.20 8083.25 8157.79 
4 132 8.34 8833.86 8941.96 153 3.34 9145.61 9237.05 126 2.53 8663.88 8783.66 161 6.94 8955.87 9067.19 
4 117 7.98 9366.67 9466.89 258 9.92 9386.57 9474.77 259 4.98 9088.13 9200.15 280 5.56 9647.63 9725.19 
1 300 8.38 9406.69 9504.65 
