300 0 0 1 22
14
24
5
17
7
3
20
15
14
23
15
23
26
13
19
29
5
2
17
17
17
8
27
8
17
18
22
5
5
20
13
12
21
7
19
29
3
28
11
17
6
16
29
6
13
10
24
10
8
5
16
12
21
3
12
28
4
6
24
3
10
14
29
27
27
22
12
10
10
4
2
5
5
6
9
20
7
24
20
25
8
17
6
24
26
28
5
20
2
7
12
29
28
20
9
13
14
19
15
9
11
15
27
13
13
4
7
26
16
21
10
10
21
3
8
6
9
6
10
27
29
18
6
21
21
3
12
26
26
8
4
15
23
14
28
12
11
15
26
19
13
12
6
26
16
13
26
22
7
10
13
26
29
21
24
4
12
2
25
24
14
18
27
23
6
21
21
2
29
16
12
22
19
11
20
5
26
11
2
6
3
23
6
26
18
27
24
8
21
4
22
26
12
6
2
12
11
15
20
3
29
24
15
9
10
22
27
16
14
22
9
19
3
26
23
12
16
15
21
17
21
16
22
23
19
6
11
17
14
19
16
24
8
17
8
27
22
22
9
14
3
9
24
18
14
13
13
16
2
6
6
26
19
13
4
4
11
5
22
21
26
26
16
5
16
7
17
23
15
23
17
22
15
14
11
4
2
10
14
25
6
3
26
16
17
7
13
10
12
4
19
19
17
12
25
7
19
19
7
0
299 2212 40.53
36 6256 597.90
223 3626 542.74
86 6342 58.10
2 7454 631.90
28 7651 424.15
236 3852 842.42
85 2289 906.40
131 7658 423.73
251 9549 655.87
56 9826 930.50
194 1298 345.04
298 2753 255.36
126 7075 445.23
32 3243 790.40
61 5907 695.72
144 329 558.12
208 8398 288.14
13 1526 146.67
129 5615 579.68
153 6268 564.99
151 4250 147.27
280 6223 151.02
166 2838 20.91
83 1978 554.85
125 3473 687.64
207 5430 388.76
262 5209 928.86
48 3748 180.61
92 8229 190.72
221 4060 476.69
224 1385 257.83
266 3669 980.43
87 8615 985.49
182 1139 160.38
257 2527 670.40
123 3911 768.00
57 4242 838.34
197 6344 173.38
118 249 130.90
275 4446 317.41
57 6632 882.98
271 3952 400.40
93 8559 418.46
31 6700 516.42
74 7707 495.55
108 5770 116.32
3 3026 758.12
244 1774 144.75
246 3585 214.86
267 2732 196.01
223 2917 596.32
186 30 843.12
248 2411 864.03
69 944 529.98
44 7346 540.74
280 2878 533.53
25 2102 116.90
54 6679 950.32
131 5417 797.76
119 5760 279.07
141 2882 553.55
109 9823 302.15
104 9202 3.74
162 3954 70.79
46 8232 199.00
271 5827 48.25
268 6065 414.12
148 7594 892.44
107 972 408.91
199 1805 773.26
282 9566 693.48
124 2138 76.04
75 8933 6.63
248 867 275.28
275 1488 673.87
225 7338 903.50
65 3343 331.09
274 4920 227.40
26 2403 803.58
19 1328 601.35
13 6101 748.27
122 6048 665.60
293 1160 155.37
90 1858 605.38
23 1768 486.16
224 3357 49.98
247 8237 685.00
287 8000 712.70
3 5054 737.90
4 5663 564.70
11 7154 335.73
205 3744 997.02
117 8997 839.92
265 6642 851.37
85 1873 662.46
168 2226 785.64
224 4940 805.18
58 4394 405.65
161 6033 801.60
37 1705 626.36
143 7399 97.53
251 5421 831.40
231 9980 570.51
69 9175 600.14
276 2013 454.23
27 4474 741.20
133 1834 375.08
264 3264 102.53
232 3267 590.64
218 5889 969.89
96 6984 104.00
109 4677 276.73
219 5849 645.77
107 8100 445.15
80 9067 575.36
296 3512 687.19
241 9700 717.76
280 1554 960.39
260 8282 775.49
75 1344 507.34
164 8381 952.16
235 4273 104.18
100 5491 827.30
65 3019 487.68
175 5696 275.32
201 1130 624.27
128 7132 341.89
131 6692 786.24
283 8699 71.16
291 3223 500.36
26 7097 57.53
189 162 404.90
182 460 669.01
17 7147 596.73
107 515 487.75
54 900 306.76
32 8844 687.33
136 2316 37.30
231 2324 560.91
155 7207 860.60
230 2802 105.98
175 5179 378.98
130 2525 420.18
101 8890 966.67
256 2674 451.19
269 2345 394.21
279 1925 454.64
272 6940 624.21
10 1509 830.79
277 4002 255.72
33 1356 4.75
105 882 453.04
151 5157 596.44
299 9079 980.23
294 2300 126.43
38 942 331.79
157 9097 108.12
209 4749 491.99
20 544 329.65
93 6649 185.01
33 7507 648.94
50 6913 331.71
145 9313 702.09
99 9266 198.90
3 2937 983.37
128 4308 95.28
16 2857 334.59
244 4656 949.97
136 9330 126.82
261 57 488.70
297 2752 751.81
83 6443 574.07
181 9724 444.82
283 7074 10.24
94 4118 650.62
101 3278 731.66
230 2448 992.92
205 2392 589.06
115 1323 943.20
7 3555 542.58
128 273 331.79
201 8507 910.99
95 6601 280.84
8 4422 647.59
84 3661 740.43
51 2473 181.55
47 756 680.58
40 4703 814.00
130 8123 148.53
183 2506 619.95
274 2736 222.70
18 5056 78.05
157 5162 696.69
30 7105 686.73
146 1828 503.04
193 7547 776.26
3 5881 552.82
65 1462 461.85
298 9568 822.85
185 7398 206.36
246 1236 444.57
153 32 575.66
26 426 609.22
171 7783 454.36
164 7353 908.13
5 964 405.28
282 6415 738.37
33 6685 938.67
266 9964 269.85
10 2430 228.63
251 2531 261.00
18 6574 842.64
184 2674 811.07
218 4673 908.54
287 6529 955.69
211 3050 685.84
290 9398 357.16
283 1539 665.53
97 2956 924.23
35 5789 10.53
287 5981 35.25
260 3970 924.92
29 9379 703.76
297 3217 596.37
121 5746 466.51
282 5005 557.41
299 5647 897.81
91 139 997.07
234 8491 453.59
258 5373 782.35
3 5223 926.83
269 2575 791.42
254 3390 918.07
192 2846 660.43
62 3950 554.25
205 9248 143.03
61 7160 749.77
90 6115 789.60
298 7416 476.86
112 3794 321.41
55 3177 477.47
191 7973 282.50
265 5354 902.23
79 8635 602.06
2 7585 340.83
287 1981 400.41
199 4074 785.30
129 8081 912.40
76 3741 456.94
288 3035 504.24
165 4896 867.55
167 9238 391.94
149 9490 294.55
105 2650 203.63
41 7264 480.13
7 857 469.96
114 5587 506.97
132 8636 42.79
220 7629 996.67
183 4780 637.36
111 8574 697.27
106 6701 602.62
21 9283 664.67
176 7874 468.10
54 3251 318.85
279 8470 666.25
69 8795 112.92
139 1268 826.40
247 1640 122.65
213 2257 703.94
16 9025 591.44
201 446 53.02
268 6328 317.08
127 5272 123.23
234 7194 317.91
261 3606 364.21
237 6282 297.06
289 1285 608.84
36 2657 996.03
172 9079 898.69
245 6784 747.93
211 4200 449.79
59 1230 901.95
62 8796 513.74
35 1630 209.80
57 8487 885.65
264 257 850.92
3 530 26.08
258 6485 738.24
137 7083 500.19
160 9347 94.58
140 3430 900.85
119 2013 844.83
210 5171 638.89
30 8563 956.45
195 5046 244.31
200 1176 432.66
94 7727 695.62
267 2073 673.31
209 161 582.23
145 703 372.59
272 2859 290.60
248 7179 50.86
222 4419 626.67
292 8095 572.99
199 3058 320.57
27 2839 828.26
67 541 768.12
283 3919 609.08
256 6168 957.50
285 5443 979.41
183 4069 237.36
125 129 185.31
289 844 818.27
165 4395 546.72
281 8877 549.35
168 2791 680.52
88 335 340.53
127 8666 744.23
58 8715 834.83
99 9810 970.05
95 512 494.48
118 9226 947.90
247 8481 966.70
212 7799 985.93
210 9881 415.51
8 1522 181.96
197 5426 715.33
270 6643 777.56
18 838 448.63
256 8116 510.22
185 8059 771.42
289 7054 501.13
144 9914 610.27
236 6349 604.01
93 4263 771.79
96 8914 427.64
43 6810 788.06
206 8883 489.17
204 176 1.58
149 3057 77.73
218 404 652.02
252 6671 167.66
173 3874 78.72
266 1669 388.27
295 6496 242.83
191 9037 800.88
9 4680 74.35
235 9129 257.97
201 3012 259.05
37 1921 732.65
239 1111 616.19
141 9032 495.94
52 2647 964.95
109 3128 854.28
177 8211 613.17
92 7076 718.10
205 623 543.63
145 6418 402.36
288 6760 994.55
172 5457 153.81
14 9603 510.20
127 8922 568.76
260 3858 413.39
208 384 835.10
218 3656 132.71
269 196 716.93
60 8042 885.15
37 6544 615.72
174 2679 598.76
168 9384 494.73
165 9447 598.95
54 2302 281.98
291 9954 431.55
182 5062 285.02
212 6983 825.01
68 8146 979.77
154 6138 347.50
52 9368 42.87
192 2837 505.60
213 4984 397.61
69 6019 681.46
126 9344 29.39
277 5194 710.84
216 8795 845.91
57 9011 468.05
78 1154 140.47
176 8297 371.83
249 2083 78.01
114 8362 466.02
3 9629 979.04
184 3909 338.11
128 8466 220.30
207 4010 89.71
253 9725 551.75
55 507 420.07
37 5927 956.20
255 8981 673.41
223 5562 145.50
56 6329 143.53
28 5050 244.16
192 1238 423.12
272 4937 981.81
208 769 811.87
69 2783 125.09
199 5920 364.97
216 8572 755.84
155 7813 7.51
295 8365 557.21
269 2295 423.65
232 4037 447.07
123 478 931.92
190 5550 233.31
233 327 992.19
163 9983 724.45
224 1223 866.06
156 3920 629.76
86 6651 131.07
115 4611 171.08
82 6938 26.88
31 8624 475.55
135 5536 828.39
279 3523 425.60
81 4874 339.14
37 1498 259.01
43 6468 670.04
190 6570 382.57
64 8159 710.51
206 9036 681.16
215 7587 625.74
265 3074 135.10
91 7588 137.35
51 7266 99.71
155 9192 533.83
191 8238 300.39
32 7751 632.98
146 2508 238.65
15 7042 234.41
100 9853 797.75
90 2781 793.64
103 8169 783.69
249 8342 253.63
272 1008 664.49
155 735 979.46
124 7146 458.30
134 4128 142.87
46 1942 180.60
75 5952 95.67
281 5332 190.27
76 45 39.29
242 1831 854.01
63 4829 582.27
105 5444 680.38
228 2445 192.65
261 8701 821.19
33 3101 191.95
283 6994 389.27
120 6640 739.74
182 8063 448.41
230 5872 421.96
52 602 846.55
89 7669 142.55
241 714 195.01
195 2697 918.21
254 3935 410.59
220 8327 372.79
162 7993 649.78
83 3715 398.28
22 5320 741.60
115 2526 255.23
231 8629 394.56
282 6034 739.83
18 1646 80.33
191 8625 512.45
44 172 914.28
218 9728 829.41
45 4310 26.86
294 541 399.46
209 8088 646.65
222 5700 604.81
28 685 820.63
44 6612 48.19
230 4720 226.99
229 7334 453.82
225 5273 195.64
264 6782 783.69
41 7387 413.72
289 4682 573.99
277 2615 893.55
7 5655 839.14
63 7304 709.06
269 5423 789.63
112 7717 140.09
139 1187 298.87
76 7502 358.82
297 3821 687.92
234 9606 320.68
218 3743 970.22
66 6344 325.89
58 5841 563.44
207 7453 233.83
183 8628 470.42
282 5983 112.69
204 6231 53.91
15 8548 221.90
115 5911 87.38
85 511 852.88
188 5148 644.22
159 1287 834.52
13 1649 230.35
183 2089 248.90
291 65 444.61
86 2783 437.95
18 1475 317.93
249 7043 750.13
96 4022 432.63
75 2564 790.75
39 2240 885.45
64 594 368.38
61 7878 838.11
93 5900 377.47
299 1796 91.23
115 7217 682.27
274 6221 70.13
44 3826 276.15
265 8527 12.73
20 3949 730.44
172 1850 848.29
216 3959 207.51
226 495 92.64
111 1979 295.25
67 4941 582.99
49 5842 830.96
155 7845 181.91
126 6530 420.16
121 440 578.10
270 8432 318.54
254 3221 926.56
91 874 428.87
35 9650 788.83
265 7044 148.63
68 7649 359.27
157 8997 63.64
255 3335 29.28
57 9362 545.72
19 9016 415.88
283 6703 947.77
222 21 499.82
134 6832 352.08
249 2914 860.14
143 5416 121.95
266 2798 357.98
65 2879 122.53
236 7125 976.50
225 5274 151.84
159 9720 794.24
8 1926 91.94
189 4221 854.16
46 4073 182.13
221 2164 269.33
155 2773 789.29
296 1343 650.94
292 3380 663.05
8 9602 267.61
52 1648 4.58
199 3726 247.59
214 3538 480.53
39 3881 705.50
54 9706 118.34
67 6577 462.52
136 5475 459.93
194 2492 93.98
284 6659 932.71
80 6871 286.91
280 536 456.19
225 4301 787.10
278 276 890.52
160 140 636.51
180 6895 516.85
222 5080 563.71
210 7280 985.91
265 659 199.79
240 2103 543.67
127 7301 696.00
101 6490 698.99
171 8560 301.26
70 4443 800.50
104 2952 857.51
250 3004 842.94
277 5121 547.22
187 709 41.14
135 3286 517.07
80 8460 788.72
106 5223 92.82
68 4393 562.77
6 6910 695.94
43 3829 100.10
174 298 961.06
200 323 638.42
230 34 627.03
86 4145 963.35
73 4715 857.12
176 9614 164.66
290 2496 902.09
233 2285 548.19
83 8626 681.47
93 5402 227.84
244 7291 943.47
212 3896 994.09
5 2507 531.25
44 9352 290.67
138 7371 856.19
128 864 581.66
186 5591 324.20
262 2038 32.99
209 1822 466.98
197 4305 671.02
283 5070 522.64
136 4509 434.53
233 7333 509.72
168 8556 662.82
171 3773 759.13
93 3696 382.14
82 3772 59.32
18 7515 419.64
281 7454 429.50
147 9239 905.04
162 9581 229.41
243 4917 618.85
195 5645 207.68
298 6812 814.15
252 2162 546.23
121 8899 700.74
299 2002 915.58
288 1860 384.82
123 776 448.36
211 2644 851.93
37 6083 40.31
297 817 651.20
269 8963 704.17
129 8566 536.28
95 7023 604.55
288 7485 831.40
262 7530 266.67
59 7743 764.96
22 3381 944.89
126 5190 310.04
192 3719 490.09
131 8940 619.61
241 6320 788.39
140 2191 925.43
117 4724 739.26
184 6462 244.86
214 4789 502.39
57 5811 507.88
197 4941 170.32
2 9823 413.05
235 6572 752.07
68 9310 914.80
134 66 667.82
3 3880 126.64
200 613 982.64
251 9581 870.17
186 3765 752.32
74 538 724.84
298 2159 973.82
187 323 696.36
193 670 984.67
172 8960 403.53
43 6537 785.11
250 2239 461.80
116 4949 908.51
179 4398 550.15
6 9791 935.75
72 2556 820.84
19 2220 734.40
142 8984 932.75
146 2228 683.93
228 312 105.99
136 762 260.61
12 2801 16.94
210 6789 977.72
155 4563 857.70
39 9366 443.60
142 2149 405.42
102 9343 758.24
187 1133 356.43
86 9049 830.22
58 9454 489.76
98 1240 770.25
150 1765 281.29
100 3996 187.74
52 228 710.48
185 1217 64.50
11 3951 797.77
136 5037 750.20
251 7319 429.51
112 2989 587.24
42 8798 463.08
67 9860 394.35
164 8560 30.04
216 2096 61.02
69 4485 597.22
132 826 798.05
57 3697 857.55
122 5649 529.38
266 2252 554.03
91 9688 418.11
154 6846 820.43
39 4468 979.37
66 5619 646.19
253 5751 291.40
26 3404 323.55
52 3773 976.53
245 1183 319.49
243 1267 558.25
135 9337 737.52
83 4743 807.39
206 3546 799.56
54 217 73.69
260 3478 583.60
27 5469 161.59
194 2617 661.04
249 446 619.71
184 9842 259.89
2 7343 923.09
134 1908 576.15
246 7914 482.54
213 7660 193.27
293 7078 54.68
177 600 112.19
54 6641 943.89
148 2746 649.30
207 8402 107.56
124 5746 396.89
92 8738 349.46
108 9401 635.54
68 8356 529.92
298 6735 726.42
244 5231 6.59
250 4472 452.88
264 6553 951.57
21 3923 477.34
86 1513 69.11
288 5197 587.67
134 9567 154.55
108 226 492.08
57 7651 500.43
169 7152 607.48
171 5137 490.47
34 1191 143.09
246 1385 57.59
19 1545 793.85
179 6216 519.38
12 82 806.83
64 3544 2.35
191 569 488.28
80 7444 621.15
68 6539 993.66
95 7401 816.74
272 6492 932.54
96 6578 226.45
16 1341 242.43
185 7167 336.94
264 4901 266.02
17 5229 291.02
178 5214 782.15
29 3812 42.42
204 1022 118.52
106 9154 568.14
244 4758 8.10
259 8867 754.06
97 2245 221.46
105 8102 779.76
289 4573 840.16
264 1349 920.35
35 419 531.55
44 4625 780.07
209 7972 215.18
240 9666 69.59
262 2483 999.76
168 1028 164.25
75 249 53.07
147 6375 923.91
88 8861 353.50
124 38 949.01
235 6480 127.87
11 6377 438.31
137 6162 418.54
183 6541 860.85
74 1384 423.06
211 8422 665.92
182 7600 981.05
120 5924 384.65
106 2773 290.58
38 8432 358.31
180 278 774.16
265 6163 522.15
266 1151 103.41
223 3745 431.50
43 8432 451.43
17 9590 221.97
133 5625 68.28
257 5719 371.48
23 7145 928.45
117 651 621.23
244 1722 643.11
230 2436 972.93
278 3471 469.04
19 717 154.79
193 7093 320.12
121 8766 378.11
118 1400 483.76
133 2302 623.02
286 8125 718.96
177 3866 735.87
215 4122 94.78
224 4761 600.04
240 1435 66.20
181 1584 752.73
31 7213 188.69
6 9559 441.22
89 3474 51.23
256 9903 93.21
148 5044 503.55
216 502 667.86
142 8212 322.63
226 1338 280.03
41 2981 870.47
271 5484 558.77
15 6705 885.98
119 18 396.14
218 575 863.18
91 9111 787.75
14 5248 395.99
227 1688 236.74
47 8442 882.85
72 301 342.41
243 5157 868.25
174 9268 429.92
153 5134 178.02
206 7220 258.04
139 4219 171.41
84 9425 590.84
162 8066 394.42
185 8588 94.75
186 1521 169.99
103 9083 460.97
279 3532 405.16
232 3590 505.89
96 360 728.31
283 1320 153.27
30 2283 528.06
259 8288 539.71
243 5253 180.21
17 1187 590.90
45 4279 348.90
169 4865 1.65
227 2310 586.57
198 6727 200.61
101 1358 939.07
115 8427 377.35
271 6609 678.27
219 6691 244.06
191 9359 477.92
209 4301 606.73
254 2914 739.35
283 1154 252.28
109 4244 451.38
184 368 635.98
226 3892 751.74
233 8234 78.63
273 9409 264.97
8 7616 57.62
298 2337 327.70
245 9544 683.45
258 5273 87.30
222 3224 482.71
214 313 200.78
295 9624 500.76
150 7592 680.61
189 6446 883.86
296 1908 897.39
182 6425 972.13
81 6065 183.00
239 111 385.79
114 59 610.13
203 6944 4.38
208 1164 212.87
130 978 76.21
28 3577 974.84
63 198 230.73
255 1616 724.27
248 9385 514.17
102 31 249.51
232 6025 360.41
19 1579 146.31
31 2372 38.48
146 8549 27.63
117 9071 432.79
10 9602 629.78
169 3134 154.54
271 3733 525.80
247 9055 494.42
79 5857 748.60
266 338 846.00
87 117 320.43
119 2791 765.64
189 6830 41.21
9 7115 972.24
8 8525 993.54
81 4140 305.55
207 6094 76.35
211 7340 786.90
276 3235 565.91
286 2274 783.73
229 6736 380.09
200 2116 8.96
44 4700 826.64
123 3202 826.39
199 4110 212.06
253 538 186.89
118 7460 92.35
24 8489 849.92
160 6067 197.70
118 9805 811.02
22 2438 725.02
36 4187 902.04
19 439 248.04
88 9561 477.81
198 1092 313.59
87 2515 870.45
266 382 335.66
108 8955 477.97
273 4677 374.12
271 4453 408.10
21 5842 167.40
279 8905 49.14
292 6310 153.38
246 3946 34.57
16 1115 701.71
239 8278 315.90
169 9267 584.86
119 6664 376.52
112 884 340.21
61 5336 401.86
281 8024 949.58
122 2707 485.00
154 7769 216.40
155 1022 553.28
112 1468 495.33
104 4189 494.77
256 8933 449.02
140 115 674.89
92 8990 457.95
43 4479 509.33
158 5782 642.87
4 5531 648.81
291 4247 689.73
259 4466 272.95
66 4243 79.59
279 3777 468.72
111 88 984.18
197 338 482.58
60 367 785.31
298 6040 746.54
210 4822 20.78
9 870 722.99
96 491 445.46
154 5897 319.87
29 154 774.98
99 7248 75.12
188 6338 341.25
217 135 366.73
220 1090 840.25
17 4739 72.60
226 767 902.17
270 5236 453.82
98 3515 622.84
203 9855 558.91
231 8522 152.15
84 2858 447.36
179 4548 599.80
43 8558 56.25
180 3317 157.07
171 7493 213.05
111 9489 773.87
59 3660 377.14
233 941 228.84
153 1230 789.74
31 1856 889.23
242 4524 102.91
132 5607 829.23
193 7201 459.78
140 6707 632.77
121 181 906.23
139 8838 736.89
34 355 864.50
156 8257 657.21
134 581 239.26
225 3951 938.21
38 4999 919.62
151 7208 854.68
234 4941 771.45
257 941 573.71
70 5380 704.51
132 5103 510.80
261 3985 749.24
115 1216 783.14
226 2311 73.54
197 6348 640.40
14 100 855.54
231 7214 285.56
237 6523 972.45
238 3171 400.94
50 9300 75.12
279 2542 648.56
3 1732 373.46
133 8786 263.96
226 2387 419.50
239 6761 359.45
126 6326 108.19
95 1014 476.95
265 4316 219.15
185 1927 360.26
225 8010 633.34
176 4954 440.89
189 7367 813.62
257 1635 874.21
61 5825 391.78
242 8497 643.79
129 7358 657.68
292 6935 162.42
246 6600 398.72
175 6712 267.13
148 1953 442.28
27 4893 183.13
131 9011 805.24
145 4107 628.09
287 3180 958.46
291 6143 385.53
139 1573 548.76
52 7311 673.76
173 7506 478.78
176 5815 916.45
260 5846 570.07
246 948 624.57
71 6160 517.32
280 7188 646.05
171 5090 137.34
63 9065 962.06
184 1398 725.26
79 173 426.76
95 8503 728.62
64 2857 969.57
158 8431 890.24
248 5290 722.21
216 4131 814.98
44 3706 615.69
118 9164 6.81
243 7102 384.89
217 962 979.82
54 689 837.61
262 9684 434.12
189 5537 868.38
291 9929 912.54
49 4791 830.51
292 7330 620.67
271 6673 434.03
94 5372 508.39
85 3711 856.19
43 1490 174.19
237 3310 906.59
230 3433 493.84
255 4154 900.44
72 6897 117.08
126 102 925.01
92 8986 29.60
293 7778 311.17
13 6749 399.35
227 3204 407.12
129 7509 354.43
56 931 976.86
228 3630 885.10
254 981 412.08
275 1689 921.95
27 2258 730.17
263 7479 265.31
88 5289 275.87
21 4749 544.27
288 2485 782.36
93 5227 804.71
201 762 203.24
104 2335 98.96
85 9553 975.38
65 6008 731.45
150 2292 212.84
174 2772 380.99
248 9913 22.10
66 7279 668.01
178 7032 473.72
64 1374 613.07
261 3380 528.89
76 56 127.34
290 8574 839.91
212 4752 212.08
277 5660 34.97
281 2040 855.63
31 4467 704.90
144 9588 478.75
167 1680 42.79
146 848 786.64
259 3676 687.75
257 8002 609.69
2 6708 357.25
40 4040 833.11
286 797 274.55
252 6569 948.01
121 5538 149.73
154 3252 762.20
130 3044 176.96
253 2722 379.77
45 8031 354.87
65 7123 804.45
227 911 5.78
52 1988 704.98
167 7457 583.19
54 2405 761.72
245 9445 455.71
173 6110 900.96
242 4150 304.00
255 2217 532.90
137 2095 559.45
263 9720 626.59
118 5429 739.22
236 7052 464.02
286 6845 149.37
4 9859 203.40
222 9489 279.72
90 2600 713.96
128 4145 159.96
154 8695 84.50
55 4012 8.49
199 8417 3.73
26 260 939.87
23 6008 571.71
107 8100 905.90
122 9055 741.25
256 1793 600.99
226 9178 913.14
148 8200 75.48
283 134 714.91
41 6519 172.67
150 5057 731.15
39 9473 273.17
114 1989 902.97
25 9362 223.40
241 2370 579.26
66 6024 714.63
219 8712 492.86
175 1994 7.24
139 4947 221.56
17 2151 966.67
262 9373 437.17
217 4254 74.47
124 1691 499.98
166 3976 747.88
235 887 206.24
276 5965 633.01
163 3680 475.29
172 8020 661.42
189 2862 142.54
18 9662 458.05
68 3672 829.23
155 8734 479.35
280 6982 891.50
199 826 412.09
220 7755 68.36
96 2394 711.29
161 1503 946.60
94 565 118.22
89 4312 498.90
100 917 7.18
132 1921 442.48
13 6557 829.19
75 2965 435.08
299 9685 483.69
60 6839 744.89
230 7473 735.58
79 9576 364.51
163 7950 68.06
85 90 950.09
294 491 174.75
14 3440 488.91
159 8010 257.50
30 5931 566.84
291 6809 385.86
170 1015 140.31
26 4420 494.68
209 4305 75.24
217 4742 153.32
144 1833 967.09
3 3072 905.16
185 5544 992.24
166 5206 914.02
286 749 331.43
162 9509 161.87
37 9519 216.49
49 3483 160.26
289 8060 968.28
174 7244 541.93
227 1837 234.59
82 8726 177.78
30 7050 809.55
120 2389 27.68
203 9239 992.89
286 211 203.33
121 7645 121.02
189 2588 445.34
87 7419 853.03
228 1138 67.18
143 9357 254.68
80 4510 332.57
72 4858 550.81
26 9348 754.71
42 8341 557.75
193 6010 937.87
243 4435 750.81
132 806 514.29
101 9004 673.23
111 7150 776.48
199 8296 499.75
186 558 569.74
12 4309 858.46
57 1238 730.12
146 301 123.81
148 2390 331.02
113 2880 972.80
211 4967 175.22
122 856 503.82
60 894 112.27
116 4034 187.75
179 6155 674.11
6 5318 402.53
246 389 344.20
165 9073 792.95
96 3775 578.18
235 8928 879.23
268 8944 765.59
228 7667 497.34
149 6163 402.07
113 9458 421.01
89 9363 439.00
164 2474 177.75
272 4785 832.78
192 4241 664.68
3 8683 518.11
271 4260 971.03
220 3620 149.94
185 6832 976.23
31 9116 190.02
65 3065 686.70
40 860 690.23
281 5824 223.13
139 1581 919.39
223 1514 380.50
73 4823 651.19
147 1997 772.82
297 4903 239.81
56 1153 256.82
201 1952 419.04
235 3565 902.38
29 5231 705.97
123 617 306.51
297 6345 484.38
61 7712 880.73
278 6192 545.80
218 1173 463.89
50 4760 970.91
106 6561 399.41
138 4866 812.90
183 6239 740.51
27 1962 125.55
198 6268 803.27
294 6244 783.46
216 1831 315.51
181 9972 392.64
24 371 930.75
170 649 330.68
73 3395 422.75
230 6997 80.60
6 9998 194.11
237 7313 97.97
154 1078 398.52
164 3113 134.68
2 2848 574.64
246 6076 798.35
168 7476 956.84
5 7913 22.92
144 6234 750.12
40 6768 240.47
48 1588 859.66
53 6177 685.43
141 5018 610.69
158 8165 511.98
47 3706 27.12
230 6595 165.33
118 7126 475.95
69 6836 67.27
286 5710 231.04
66 9180 843.99
98 7986 14.72
117 5152 607.33
123 7584 101.70
160 1057 218.73
235 8242 477.76
6 1895 761.28
111 1671 27.18
206 6205 652.55
45 5940 844.59
242 5493 98.96
260 8835 970.39
115 5080 776.27
57 3333 676.75
144 6464 17.81
72 1973 178.58
130 4522 107.80
296 3061 831.55
15 5129 248.11
256 4727 756.53
24 286 614.00
110 2248 401.14
220 9080 839.26
167 4500 470.74
137 2491 2.54
208 5561 299.79
136 6579 492.88
225 267 151.19
8 374 957.46
215 450 120.12
223 2735 576.65
118 9864 53.76
16 202 909.43
32 8706 295.05
178 8021 468.88
210 9920 268.13
102 9902 390.99
218 5119 746.22
29 6024 867.81
28 3053 241.92
71 3613 398.84
251 8746 254.27
224 9090 260.48
289 8566 125.49
256 7318 340.92
5 7894 478.14
282 5021 954.82
14 465 496.76
51 2678 95.39
285 466 509.77
277 273 257.94
275 5907 814.23
13 697 875.12
104 4845 388.61
66 7180 133.99
258 8294 123.69
232 452 832.80
284 3688 687.57
148 5200 965.19
64 3526 801.14
230 3480 337.14
267 826 886.24
240 8284 317.51
281 7401 705.30
273 2264 801.12
266 2190 434.78
52 3836 645.65
182 758 569.17
112 1295 938.70
163 6693 754.52
257 2275 136.96
245 8536 801.82
221 8994 762.99
118 8703 831.30
295 7806 421.06
53 7787 709.35
215 9233 358.02
93 8687 641.62
39 9945 653.20
188 9345 826.55
171 8672 555.65
56 1880 110.78
291 4051 930.91
249 3198 997.16
248 3013 303.28
181 7943 11.37
193 2818 346.33
114 1707 532.87
115 7436 757.39
28 2826 22.13
142 5941 456.23
43 3136 774.54
257 9945 991.02
153 2145 850.37
11 3737 120.04
165 4148 604.61
145 1609 217.18
48 192 390.79
212 3135 984.26
231 5884 443.76
209 5685 247.12
189 7200 346.72
140 6895 77.44
255 5136 702.70
230 7117 825.01
243 5565 40.17
100 7940 522.58
152 8267 404.90
85 9897 573.56
279 3610 22.86
294 6181 691.87
74 1445 127.41
95 6353 366.34
139 4890 15.13
119 2452 361.08
274 7632 841.41
92 8534 172.50
257 4902 224.28
284 1042 46.61
20 4101 951.61
160 3456 508.59
96 3268 8.99
12 3008 698.76
107 8031 456.90
9 4739 828.42
241 8837 479.77
163 9930 551.40
171 6730 18.83
230 874 249.63
189 610 910.51
263 7866 160.40
289 1535 279.75
23 5248 2.31
236 8302 482.83
143 6291 911.61
59 8840 52.26
216 382 693.62
145 7235 648.64
243 612 609.10
28 1110 754.04
241 3620 110.95
206 3787 767.41
58 9763 137.88
152 7456 187.94
227 470 888.59
53 7817 630.20
22 3378 51.12
274 2440 421.83
191 5189 339.24
135 4725 811.93
23 686 126.64
40 7537 651.69
236 3596 12.35
180 9846 548.57
16 1098 948.06
224 6261 940.73
91 3132 410.38
7 3589 730.59
155 4874 928.87
279 562 221.38
163 3186 281.12
292 8794 954.09
285 6635 900.13
267 727 322.24
227 2396 696.54
136 6055 597.39
166 7996 592.94
215 3025 915.68
263 3179 559.51
20 5594 976.69
172 7879 402.60
217 7473 510.62
64 521 854.11
267 6460 432.59
80 8276 438.30
146 4710 735.65
30 9147 928.61
139 8364 64.78
162 937 603.53
3 3339 973.89
35 410 660.06
57 8991 47.50
25 6545 927.01
235 3385 694.94
285 8076 729.44
146 1125 959.04
55 4617 24.08
14 3579 730.91
63 2617 185.50
292 6645 523.93
99 4823 970.67
94 3996 739.62
121 3018 979.61
166 5077 38.17
198 7869 30.93
174 3564 179.05
61 6032 231.38
278 1811 243.52
149 6721 178.18
264 3471 834.80
68 8646 583.64
114 6153 774.65
229 9448 713.18
62 6879 694.67
10 4802 292.72
84 306 349.49
13 1591 650.12
273 9482 818.50
82 7098 256.58
187 5275 671.05
47 8011 41.38
300 9908 656.48
51 3860 800.67
44 1678 9.85
298 1244 950.95
80 3162 488.70
147 897 115.46
241 4037 608.77
267 4154 208.55
134 615 999.05
11 2814 927.37
65 5285 794.22
152 6287 696.57
296 6523 21.52
150 3385 256.63
9 9396 90.66
133 372 202.74
249 4354 80.96
132 6080 159.09
282 5232 998.98
214 418 902.83
127 5862 674.42
238 2709 190.32
288 4935 725.81
8 7568 864.15
225 3407 712.35
27 3625 834.53
251 9845 968.08
275 6288 523.92
128 2481 91.02
198 4813 256.24
229 257 317.89
17 5621 143.07
103 7142 919.40
296 7660 196.27
46 7591 536.05
203 8484 458.63
246 9401 162.02
267 1263 720.64
153 7641 93.80
36 6268 288.94
156 4617 40.15
50 1516 235.43
193 760 647.07
126 9394 734.70
202 5806 149.20
8 8376 130.55
232 6884 778.56
278 9042 918.78
280 8251 262.96
53 4595 263.35
87 5998 937.81
22 233 1.26
14 5252 388.35
115 2749 291.42
266 7183 161.98
195 4315 388.57
165 2634 623.64
176 9445 599.23
78 6495 828.68
134 1387 755.17
122 9188 153.90
51 8235 439.62
139 7369 12.04
238 10 100.77
266 1257 915.87
228 6793 202.63
259 5941 564.94
22 1138 796.53
26 9404 850.11
274 1882 754.90
53 3727 205.26
70 7740 13.47
131 4840 372.35
224 1918 573.88
251 2223 764.63
219 7988 548.85
114 8005 829.20
23 5976 123.76
19 4004 215.80
115 9279 895.54
285 8035 86.49
252 4162 293.57
70 6635 825.01
18 5288 538.42
194 2466 107.78
196 1770 790.23
9 1190 797.45
220 3460 694.92
172 8138 922.53
160 4019 331.38
232 3981 323.15
101 5842 854.43
72 303 569.04
236 9078 103.37
165 9286 586.80
229 1093 68.39
288 8776 444.93
287 7250 920.40
115 276 808.04
159 8782 384.35
174 9900 672.37
281 8542 249.73
20 9541 956.91
233 8812 141.35
127 5488 958.76
200 298 182.89
48 563 653.23
243 3676 391.88
72 7755 524.09
234 6817 516.91
130 1965 37.66
252 8885 202.56
232 3362 637.51
211 20 979.01
277 5842 216.20
123 8474 547.74
276 727 839.09
186 5756 325.46
239 6227 216.35
70 5705 298.96
244 6616 636.27
143 4559 599.89
294 3862 254.91
185 2783 174.32
114 5575 687.44
137 6059 650.32
151 144 19.23
87 457 364.52
150 1729 26.42
275 9115 797.76
207 1901 601.98
254 956 101.05
204 7759 667.71
212 7049 70.75
180 5014 504.63
169 8008 56.43
266 2273 667.26
18 354 775.75
134 8653 222.61
210 6591 43.30
117 8531 303.13
25 4465 135.67
258 5238 797.89
298 2109 831.31
75 9707 990.16
251 7950 584.10
244 740 687.70
252 1041 379.24
182 5888 112.25
22 3208 638.23
167 9183 173.36
266 9870 952.64
256 2695 199.35
269 652 268.03
36 1679 7.21
72 3169 884.58
278 616 870.50
91 3872 360.89
16 1709 912.64
192 2912 200.66
130 3596 746.82
125 4801 338.45
171 4864 864.65
188 7026 533.54
279 4973 937.12
131 3637 582.70
57 1266 85.38
294 7825 826.07
61 6423 734.70
78 7759 550.77
138 2053 896.99
135 4460 348.98
37 6042 852.69
69 9252 349.07
198 4275 178.79
96 1376 567.75
24 3881 304.63
270 8247 107.97
214 1437 445.92
169 4011 498.74
175 2043 462.13
284 4313 251.84
30 3008 362.80
18 4975 485.28
26 7124 212.30
148 3632 681.24
146 902 909.67
124 1488 347.73
98 2362 224.76
32 5104 470.17
75 7497 311.53
289 5245 691.14
35 9254 884.25
246 794 144.58
213 4884 501.90
142 6780 393.29
195 2453 568.86
29 5635 432.08
292 5321 365.91
175 8330 667.47
123 7279 363.69
39 5880 105.78
164 4204 859.57
300 6743 782.78
215 5269 221.05
93 2058 570.32
114 484 105.41
225 7081 27.75
80 7300 291.40
64 4923 289.69
220 8333 158.80
78 4509 991.47
170 5599 375.30
9 3135 964.12
259 7054 919.11
65 1719 2.12
17 4894 361.91
37 5534 407.74
207 880 247.53
289 119 156.98
209 65 598.54
122 464 812.25
286 7860 361.91
48 933 993.44
233 112 235.52
164 3096 286.87
60 6558 362.72
27 6339 721.03
203 7153 761.00
130 1495 566.30
32 4752 180.76
8 1525 456.64
297 291 815.96
200 4944 886.78
176 984 217.44
225 9342 250.22
264 5783 50.80
180 9651 815.08
24 973 579.01
89 9372 280.80
99 4102 872.45
296 2257 5.63
29 2439 357.49
153 6095 887.90
74 3167 351.08
199 1259 137.59
97 2034 479.60
215 9155 778.90
212 3086 897.17
209 8144 763.96
95 7100 262.41
194 7218 161.50
234 6551 114.03
263 6936 347.60
293 8243 571.55
291 6725 738.49
202 8595 631.81
90 2028 823.19
136 7156 975.32
45 2332 777.73
70 8134 995.93
204 3309 153.46
178 199 108.58
117 7872 359.06
94 951 618.31
217 5526 827.37
169 4030 682.57
244 1614 773.11
80 6010 391.15
165 6349 204.55
4 1569 701.87
182 265 377.33
273 565 383.51
24 4419 792.62
297 5551 418.51
58 4499 319.64
75 8200 643.32
226 9902 860.41
184 853 624.12
118 7220 113.40
240 5717 16.99
167 5600 208.30
55 4095 64.77
119 4880 104.37
288 6822 234.26
110 3076 340.90
30 7479 49.49
266 2164 425.65
273 7200 158.23
47 3976 821.23
111 5160 977.26
166 2575 773.50
168 5147 771.52
283 9063 172.55
132 4163 705.11
246 2363 536.52
193 4354 420.03
39 8448 393.33
62 845 523.50
243 8020 376.23
163 4779 317.80
233 3187 338.09
272 4400 587.73
299 1569 562.01
75 2980 364.48
137 5793 149.03
296 6978 46.03
103 6471 344.94
77 2883 869.55
42 4428 421.70
97 9905 179.82
171 1491 745.39
196 3990 658.49
254 7237 817.33
71 3687 283.73
298 6443 832.84
38 3631 952.36
21 6556 291.45
121 6654 159.55
212 2576 946.54
137 7577 573.11
12 744 283.52
168 2251 608.23
102 2215 217.57
125 595 294.38
181 4509 371.05
143 3819 720.30
154 9989 191.35
140 7214 819.82
180 712 678.65
18 3078 651.89
298 9987 935.33
68 6137 452.09
121 6937 224.42
227 9423 814.81
185 6170 152.93
192 9109 248.57
71 261 912.57
267 8821 114.35
152 9258 175.11
22 4674 173.77
215 9930 73.79
118 2433 381.48
72 2206 555.76
213 24 563.65
42 6731 218.39
176 3900 543.25
77 6235 426.93
284 7627 877.67
113 2212 330.44
209 8452 216.92
246 5131 384.87
203 4945 121.40
26 4929 439.69
41 4308 72.97
276 3415 808.89
5 3250 937.29
227 6045 240.97
235 7023 397.70
164 4110 870.92
280 6019 47.46
279 4220 782.45
249 1427 317.09
265 2243 787.44
160 5999 457.59
231 6565 447.23
105 770 814.00
295 9709 165.71
82 8015 553.22
52 6382 590.02
10 3496 14.76
223 3847 967.34
123 6028 103.29
236 7563 792.88
70 2448 288.78
84 606 40.05
39 789 739.70
268 2549 234.65
181 928 560.45
119 4791 227.28
8 8813 741.24
265 8158 135.58
206 2609 937.59
156 7612 143.09
145 5939 183.42
25 4133 495.17
123 2691 24.42
286 7998 46.97
235 7322 560.61
212 9084 112.07
240 7145 436.71
71 8949 460.45
199 451 822.28
208 8536 148.62
179 8894 472.20
97 4527 506.54
140 5326 474.24
135 4340 219.74
251 4291 774.83
54 7024 288.96
294 8541 509.97
44 7070 465.13
152 7830 661.77
121 741 69.17
210 5107 28.11
284 5483 761.37
273 1510 392.47
264 4363 177.02
135 5536 361.24
34 9135 960.95
22 7674 268.14
87 396 80.47
117 3112 288.15
253 541 857.05
163 1913 347.44
190 5107 842.44
189 9929 815.58
165 224 928.01
217 3892 430.64
153 7337 181.65
10 5485 622.36
211 3104 362.44
300 2632 764.51
200 4984 885.77
216 3325 590.44
87 5860 514.83
271 6944 656.87
94 1686 403.57
86 7718 581.80
209 8106 213.94
26 154 35.96
152 6262 779.76
248 7115 261.74
17 2845 372.27
300 1166 560.76
62 1581 884.65
250 9394 15.82
244 2708 519.70
223 4281 993.55
82 9668 200.66
69 2461 557.48
40 341 435.35
137 6955 597.52
151 554 123.57
149 8569 106.79
73 5122 738.17
250 8990 918.04
50 2459 553.70
53 4206 873.87
114 8824 569.56
54 4560 735.17
234 4433 472.52
258 6527 976.36
212 9794 110.89
85 2832 904.81
293 2736 211.95
198 422 465.97
128 9022 48.06
290 273 739.68
57 5773 653.11
62 3006 832.71
202 6728 851.03
134 3819 380.50
89 7758 614.43
94 7166 321.81
250 269 687.92
144 4708 131.74
175 2621 585.01
8 4687 602.73
95 4813 340.42
45 7147 997.39
93 9414 792.76
270 3802 688.50
42 2358 232.63
70 4829 989.19
110 6929 461.85
192 2473 191.98
255 2627 265.34
11 6470 857.88
149 1327 741.30
192 2229 209.11
177 6231 879.99
210 8769 475.34
291 9763 821.11
92 8850 483.58
280 6104 748.97
186 2169 984.51
215 3549 327.96
286 8467 442.87
75 7247 968.74
62 1683 937.33
2 5988 544.47
132 7553 188.55
22 5134 981.09
103 1871 607.40
84 7605 669.34
186 8044 55.73
284 4853 535.69
148 4935 11.57
77 245 873.22
179 9468 352.79
134 7188 115.79
268 4176 167.86
180 7041 413.63
157 455 211.67
35 4109 236.58
63 3877 687.69
60 6736 531.58
225 9255 17.76
292 6845 263.45
176 9195 915.26
284 1351 205.46
2 713 419.27
114 2990 951.46
14 481 751.59
47 5973 898.97
298 3534 804.48
61 9874 736.54
273 367 245.57
66 576 801.22
32 6661 466.76
31 3775 521.03
130 3257 732.88
277 894 775.01
17 3114 759.81
86 5465 941.02
164 1708 807.60
92 2546 170.44
113 9830 810.71
105 7351 218.98
250 7798 637.56
298 8074 953.22
79 5559 98.38
201 5830 359.11
78 4025 282.61
286 6814 628.09
134 3057 235.94
133 4456 31.55
71 5065 632.40
40 8384 362.94
174 5885 527.10
64 3099 986.72
91 5640 164.61
110 5383 114.05
119 942 922.69
8 8997 92.86
4 4346 393.41
73 9240 741.87
121 506 441.07
185 3321 649.40
226 8603 847.86
21 957 664.85
216 8413 973.08
119 2155 738.76
292 7105 905.67
270 4560 445.93
145 7596 747.91
83 9873 353.94
221 5769 657.22
10 852 596.82
159 3114 938.92
238 5354 561.35
285 1780 274.31
184 1549 784.64
66 4469 701.91
96 7688 141.49
67 9102 941.86
236 5349 41.68
79 7690 82.00
277 1449 641.18
218 5599 38.06
233 1382 27.14
88 3897 383.29
124 2016 596.50
78 1994 210.64
255 5470 370.28
101 4203 274.19
188 3739 791.81
45 9890 192.36
240 6197 497.18
275 8353 647.11
68 5818 955.20
60 4608 472.16
6 1055 225.15
228 2347 803.53
209 7804 83.07
249 4316 372.87
251 225 764.92
56 3952 376.80
294 9772 833.24
16 3570 92.22
110 1001 95.36
248 5441 371.96
46 9287 312.64
133 5563 198.50
287 37 458.04
215 9715 546.16
230 7783 635.45
188 7803 193.82
225 9424 233.96
276 9310 776.50
128 1757 215.42
92 7341 790.21
277 51 148.86
78 221 212.21
181 5121 68.86
85 1476 716.27
54 626 907.90
187 9825 332.37
90 7797 331.12
130 2961 194.46
184 6993 362.87
47 8057 978.44
79 9822 414.02
165 1501 922.01
142 1140 670.79
157 5380 65.91
238 6905 274.18
215 7171 507.12
5 2770 138.98
190 1766 943.73
22 4876 793.36
155 9360 830.13
9 7159 661.14
240 1137 271.32
98 2378 989.48
235 4691 271.33
209 6482 226.82
231 7253 509.21
249 2463 528.07
245 2726 338.03
145 3515 432.53
211 4464 617.59
52 4335 591.17
18 6193 939.76
122 2312 784.50
120 2046 282.12
76 955 626.67
33 5618 889.70
107 2782 12.34
125 3551 242.53
61 9742 654.52
79 4528 951.14
63 3938 605.48
154 8074 667.08
275 1470 561.21
59 8141 712.07
81 1524 706.78
145 3894 512.68
217 3686 620.09
46 120 606.76
173 1195 391.74
114 9806 276.43
278 6188 256.23
276 4793 847.36
272 960 450.45
12 2196 377.96
52 3641 652.65
274 3283 83.71
35 6127 50.66
232 2748 44.64
298 6329 773.03
144 8157 407.40
279 7431 858.77
31 6362 809.70
299 9069 288.88
68 8233 109.25
201 3649 790.05
158 4940 821.19
228 225 441.95
132 6705 856.91
181 4495 394.86
56 4042 557.07
252 7459 936.65
178 244 531.55
245 7242 764.12
103 9164 730.33
288 171 506.93
260 5924 416.23
87 540 949.70
276 8446 681.80
5 862 440.36
241 202 457.57
203 7197 264.18
258 4361 892.70
244 1986 961.19
76 8595 117.37
175 7995 281.91
144 9964 872.29
135 3974 269.46
155 3678 322.01
50 9688 52.00
111 5120 271.38
280 8116 209.67
128 8656 600.20
106 5757 175.43
88 9195 297.65
103 1166 494.78
69 6685 429.79
89 2637 311.26
209 7871 244.66
276 9764 945.86
211 1626 42.46
299 4264 238.69
141 9579 349.00
80 3084 218.96
271 9391 529.13
104 1979 950.85
266 9371 112.23
37 8984 768.90
285 5838 809.38
44 2813 167.17
219 9103 683.57
93 8257 903.07
83 5236 298.98
201 3847 818.89
294 5042 833.36
241 6575 15.11
35 3051 785.58
84 266 291.63
185 3130 440.83
191 9589 107.97
252 4532 697.51
98 8530 404.06
149 6767 956.17
162 2607 615.41
177 2951 623.58
33 6202 327.77
292 4407 583.96
281 7354 302.15
196 8180 474.06
120 1624 634.63
232 5726 824.12
10 3990 946.70
220 6850 989.20
218 1920 71.45
166 2791 166.14
57 9008 321.65
138 9549 284.39
33 2973 918.27
152 6121 203.10
89 8679 110.09
231 8755 388.65
266 8589 164.81
165 844 907.87
295 8263 647.83
69 5444 51.33
149 4822 227.70
27 130 923.64
253 3584 938.10
118 9452 997.67
284 7231 720.76
222 1388 769.63
79 478 855.42
77 9341 640.53
109 4082 171.89
252 6811 975.31
217 6732 993.45
224 2973 78.20
291 6829 83.14
20 409 852.66
24 4112 13.46
226 1782 292.08
2 9257 430.13
242 9899 487.94
68 10 417.69
240 2042 811.38
57 6714 575.49
297 6090 857.82
285 8253 61.57
120 9947 742.12
229 4517 676.21
203 313 917.44
201 717 906.33
25 9101 33.22
265 9607 896.31
261 9645 683.49
187 3592 778.89
147 3519 133.77
105 6240 775.09
31 7297 744.76
211 3014 902.24
80 7055 743.56
142 2510 312.34
299 5312 657.99
246 1042 327.80
41 3760 395.90
294 6035 194.78
290 2580 49.28
106 4281 272.39
81 4744 611.35
256 4824 161.47
103 3769 37.35
270 719 106.75
112 7834 819.79
221 8254 271.75
57 1762 962.24
282 3951 837.86
240 848 392.68
100 934 833.02
61 1848 156.20
157 9748 190.99
202 7396 663.82
131 5061 124.31
3 5844 719.80
286 6833 574.43
142 3750 158.83
223 9661 431.84
59 4553 761.31
50 9696 68.23
8 5029 32.35
294 6097 282.28
282 9301 862.48
93 4325 656.35
246 6191 188.21
115 3643 490.68
214 5955 750.43
63 7017 697.64
68 7147 768.45
15 2812 189.00
118 3608 843.93
107 1679 958.89
241 8119 209.39
234 9968 655.24
148 8775 359.59
224 2317 726.93
122 6636 115.84
138 6356 232.99
161 60 687.95
120 2494 944.56
228 2879 896.58
170 1429 797.01
269 9194 223.51
59 6780 712.60
42 4047 513.18
257 3619 999.39
174 1695 744.72
191 9176 792.81
290 7387 276.06
34 3825 785.18
288 4838 102.07
150 8417 742.50
93 7226 61.14
6 2859 991.36
51 6388 171.72
156 9112 277.53
295 7576 725.95
118 6322 1.42
186 4310 672.24
283 304 97.68
46 7648 850.51
44 1828 333.50
230 2481 798.38
272 2877 77.64
224 6619 712.84
8 9175 788.16
59 6633 567.09
279 6108 286.71
129 7776 283.23
256 9943 130.20
240 351 49.19
239 7942 965.00
247 7782 550.72
175 5911 134.24
195 1283 294.52
133 7204 427.00
79 2838 833.74
201 521 884.81
272 9753 960.12
164 6507 592.63
114 5755 82.30
157 2371 349.15
70 3587 611.18
24 6922 203.45
67 8284 259.43
5 2803 983.78
22 9789 385.59
232 3263 378.10
15 6608 963.40
111 2163 712.79
98 8727 38.52
199 6151 266.31
187 9721 785.18
230 1841 172.43
15 2809 130.34
279 2496 613.44
271 3902 719.59
287 5815 451.44
223 2822 375.59
189 8238 845.56
156 9452 980.41
25 4846 127.22
215 7176 793.89
103 9523 667.67
57 401 184.43
153 3492 906.06
160 1339 555.04
282 7930 123.81
161 7681 519.81
3 3796 655.84
124 8068 33.57
11 3437 665.30
281 1965 582.54
90 6513 884.12
260 1848 347.38
83 5912 129.09
174 3846 319.33
134 2002 474.48
294 5245 620.52
19 8493 906.89
222 9213 501.97
235 2157 10.58
37 3714 689.66
183 104 166.91
69 4715 464.90
177 1139 262.84
193 1449 619.15
95 6314 607.87
174 9762 618.48
257 1768 448.19
258 8426 647.17
74 4892 426.67
4 8311 2.84
289 6535 353.12
41 7450 516.13
212 7762 71.25
126 2056 443.10
124 2491 166.53
199 2293 643.61
144 6590 175.58
279 661 340.22
66 2179 684.24
150 5371 820.36
296 6072 200.32
156 329 569.32
297 9334 821.74
263 7916 552.33
275 3931 126.16
169 7800 399.41
172 2531 756.69
69 1470 795.75
244 6238 413.23
230 977 620.85
295 1024 301.28
39 7637 529.00
293 6999 163.77
245 4072 723.32
79 4126 988.52
257 2570 49.76
281 9728 740.96
216 3006 88.85
204 8721 909.55
11 210 778.94
192 8048 679.93
119 1674 741.24
208 2522 899.29
32 573 626.14
212 9394 265.21
254 5488 961.70
166 7905 930.89
100 9459 727.38
204 7440 111.51
68 7830 758.17
278 3354 260.45
84 1787 241.36
123 6141 887.69
40 7668 124.47
125 9642 824.41
277 6562 192.80
74 1465 373.55
94 124 685.27
190 5090 705.66
17 7047 116.36
139 8543 863.29
132 4288 811.28
290 5482 206.79
19 6371 861.49
53 9692 753.15
172 5470 216.36
130 7316 878.20
5 2187 252.44
93 2832 934.68
137 3848 231.68
237 5567 623.44
158 9156 748.04
273 4010 123.89
203 5893 921.22
124 7859 176.62
36 6722 926.72
229 223 503.34
288 4563 451.92
135 8663 67.53
169 648 533.54
68 5778 463.66
202 4585 389.61
46 6259 832.61
212 9483 128.06
37 1000 223.55
293 4797 282.94
47 7528 745.31
179 8491 569.13
287 1742 924.42
218 9953 98.56
127 5239 83.60
258 2098 738.59
97 7070 337.01
108 4627 738.17
3 6417 854.60
87 2710 347.38
225 4262 663.49
102 9359 349.97
118 7316 517.48
299 66 498.21
237 2650 821.40
147 302 323.85
241 5828 222.64
131 6288 315.75
54 2706 232.31
287 8170 302.29
133 7642 859.31
167 10000 972.10
60 8623 999.62
105 4248 80.85
156 1243 753.01
245 9668 147.27
267 2674 4.91
139 9407 555.35
130 6972 35.46
200 5532 415.14
277 469 169.52
218 2821 214.54
134 9651 578.13
45 6373 356.43
86 6323 711.80
183 2753 701.11
117 661 939.00
111 6329 367.26
91 9634 119.82
268 9466 509.32
295 4881 544.67
223 113 576.45
192 7073 826.04
263 4643 939.64
79 241 908.66
232 3081 660.42
60 8148 208.24
22 9211 665.27
75 1312 207.96
128 7386 900.49
237 8306 386.11
146 9207 495.49
278 399 68.07
44 7696 740.98
74 258 498.67
275 5775 855.65
124 6213 784.36
271 4119 890.37
218 8453 267.00
233 5819 862.77
56 7377 897.13
11 9446 680.76
25 1394 444.20
219 9682 144.47
2 3773 358.45
138 5891 565.49
240 60 439.84
113 7396 288.11
296 2500 290.61
179 5403 987.22
113 6985 649.77
271 2865 911.51
66 3632 512.80
67 4732 269.29
144 6782 112.54
50 8737 106.02
65 7706 705.74
64 8636 787.41
63 5656 884.72
237 9974 457.84
162 4029 505.98
93 7167 725.17
198 2861 931.94
59 6418 364.91
151 1026 454.91
9 2043 634.59
216 4395 948.26
7 4034 21.34
189 2200 682.64
61 9448 372.74
90 3043 25.73
128 9195 175.39
15 434 949.02
81 1408 667.37
14 5643 782.24
286 3067 557.59
107 8469 93.50
245 5279 265.33
285 2175 278.10
230 5951 305.27
53 3862 223.18
121 246 558.89
292 9760 222.12
260 8008 505.89
253 3223 323.07
170 1786 85.02
69 8886 92.66
190 2336 593.30
188 7976 238.43
185 8781 758.56
177 1933 549.09
147 8851 322.65
103 5201 958.85
101 490 731.72
233 386 534.92
163 7352 352.40
22 4178 103.46
19 2954 350.13
8 1458 38.43
274 1058 497.24
142 8034 20.08
144 8638 564.21
223 8352 585.72
193 8900 376.82
141 5066 571.08
200 1675 317.67
225 2327 737.72
244 530 514.50
25 9372 22.07
155 2355 495.10
280 9856 898.51
138 4904 591.93
126 5793 881.24
234 4602 759.68
77 8245 908.30
97 3817 180.32
243 6742 260.69
43 6853 625.60
250 4727 74.54
169 3025 668.01
41 5929 413.70
220 6762 654.43
148 5004 888.38
164 1774 180.10
177 8090 163.18
295 6252 648.37
45 7070 64.12
116 9584 979.02
3 1885 962.19
296 1511 719.17
21 5410 184.85
112 3586 383.95
66 5428 649.60
44 94 740.62
271 2716 960.84
285 4975 168.16
123 6478 399.01
216 7747 829.41
264 4358 373.19
229 8312 100.90
59 8209 397.05
47 2247 237.05
147 8823 734.15
225 9461 294.55
15 1882 822.91
244 4101 180.74
281 4602 952.37
95 8214 471.17
161 2048 781.22
22 5558 269.91
89 7417 186.23
10 5553 154.04
295 947 847.27
142 3666 239.92
55 1848 455.30
247 3075 722.42
259 4392 291.44
77 4478 454.05
95 3070 744.33
83 8750 113.64
111 929 995.88
39 5530 853.34
50 9581 692.52
34 7553 111.08
56 441 394.14
87 7097 556.29
237 5590 567.20
289 1015 56.81
204 5213 884.70
184 9730 105.69
277 7654 609.03
195 8664 866.83
65 8189 542.16
69 5943 925.07
107 7347 11.07
237 2743 497.14
22 2848 650.73
47 2250 532.71
104 9147 180.99
144 5773 603.51
296 3133 58.39
263 2850 552.66
272 6485 237.50
15 7324 582.43
225 6700 972.14
86 6434 170.82
83 1812 388.33
29 2523 241.06
185 4872 449.53
157 5606 841.63
68 2732 369.29
197 5805 946.64
256 583 238.53
123 5728 440.37
298 3033 353.39
209 8261 215.74
131 9276 206.76
173 8611 382.52
69 3002 451.56
141 7652 910.98
36 841 786.20
159 7530 617.55
106 6775 693.93
75 3975 826.72
124 3777 912.88
289 949 960.56
262 4953 816.39
222 8670 593.55
68 4049 793.94
16 3887 679.21
275 4283 608.83
90 2385 704.85
39 4482 366.84
214 153 653.77
10 9273 858.49
7 826 15.24
274 4682 930.92
218 1813 157.54
220 4957 134.76
216 9114 617.70
207 882 231.14
23 7150 755.15
97 8486 266.39
6 5594 321.90
52 7364 643.52
84 5868 627.29
127 3031 500.16
149 7033 377.46
176 6067 372.07
40 5047 197.41
246 3400 126.05
14 1899 179.21
65 5624 263.23
199 6305 174.27
51 8777 137.54
194 244 888.41
198 2795 923.31
90 1168 681.16
206 8812 792.62
148 9181 45.54
134 2280 133.80
260 1511 578.29
216 1841 962.37
298 1122 956.73
22 5778 748.76
242 8551 149.02
75 5520 931.56
151 5290 45.04
210 2584 815.46
12 6543 361.45
72 1536 487.32
3 5201 915.07
24 9024 102.38
166 4461 291.57
53 1593 866.07
27 9139 993.12
297 3431 18.73
204 6191 226.19
77 2787 811.99
160 1028 619.30
20 488 739.85
63 5281 63.52
291 9308 889.66
112 9997 861.63
133 161 891.00
43 9791 208.43
262 9612 693.50
179 947 57.32
168 2859 852.95
191 3490 835.29
264 7338 88.14
101 402 86.43
161 516 223.46
272 1376 339.01
224 1204 53.25
113 7766 935.27
232 7805 123.60
254 4409 951.74
73 9975 788.40
277 4915 672.39
133 4531 364.24
59 2885 907.07
151 5352 944.84
169 5545 733.20
244 4850 845.98
250 5036 86.18
41 6212 374.42
8 4694 584.38
106 6462 856.27
218 428 397.56
291 6854 38.48
54 3007 451.94
5 1214 870.47
230 8697 404.12
108 5349 489.72
45 6884 401.88
276 8073 455.96
24 6452 896.42
189 4296 912.76
292 519 819.15
285 2715 857.32
137 2423 175.73
198 6975 611.66
48 794 171.84
250 9695 971.40
101 5337 361.43
133 6052 182.06
145 3930 553.07
191 333 99.99
154 3810 172.94
79 1919 804.96
127 6709 617.96
17 8505 443.79
294 7783 467.33
256 6970 525.36
126 5973 805.45
146 6957 63.03
135 4832 905.68
186 9313 681.57
223 3879 69.47
105 1715 164.57
46 1568 199.72
214 5261 800.51
209 1882 649.90
148 3322 79.77
21 5998 855.29
287 6142 820.20
65 6382 658.68
222 7886 82.88
140 5355 180.33
194 323 175.32
202 6170 409.03
147 7801 711.27
275 8806 831.43
124 1265 951.63
102 5113 353.56
108 8941 226.64
177 1229 573.41
5 4817 767.31
73 7307 144.13
90 5324 891.38
176 9169 965.28
180 2475 346.05
146 5975 257.06
197 4843 85.57
203 6986 322.37
134 5152 929.03
118 8389 497.95
74 3754 199.95
151 1763 168.76
196 6973 484.06
24 3314 669.45
227 4436 671.69
167 6085 256.29
156 4770 845.74
181 4535 881.74
135 2487 715.55
258 1874 777.94
74 2411 874.73
127 5126 640.73
41 6562 845.37
185 9328 577.91
265 7763 279.72
199 9179 23.79
53 3190 414.57
257 9681 171.77
23 579 982.63
153 2428 971.43
226 1680 168.96
175 4737 679.31
95 4093 833.69
96 2838 262.17
201 2339 983.96
200 7368 737.04
12 493 243.85
194 1144 941.11
81 803 46.17
130 8879 401.29
239 3908 907.47
33 532 621.17
143 9017 136.60
60 3283 114.08
49 7826 927.78
237 2210 404.21
252 5946 388.99
181 4863 806.08
129 6241 704.91
235 8939 803.90
190 7842 291.08
176 5101 673.43
236 6616 407.98
6 8707 340.74
62 180 438.57
237 1644 872.03
90 7037 639.58
4 3239 594.92
186 4142 816.02
291 5146 614.79
26 2378 480.52
156 7342 843.91
212 8609 995.74
152 7984 737.61
222 1579 47.22
95 5238 44.63
299 3368 908.88
128 6233 920.20
93 2941 833.72
178 180 140.92
293 7119 874.60
9 9605 614.15
51 867 892.32
274 9448 251.01
246 6870 281.01
75 5424 367.31
123 9831 67.89
107 6587 281.46
166 6770 378.40
11 7859 965.94
262 4500 402.28
26 7920 837.39
163 1116 360.39
117 1284 703.37
3 9710 681.04
132 4327 801.16
224 8858 790.52
57 7645 83.18
246 6679 602.99
183 3320 496.62
118 6098 865.78
80 890 392.99
24 1308 494.85
96 9762 96.57
76 7026 222.61
38 8011 999.33
37 8502 742.78
141 3282 963.95
267 1718 578.91
256 11 662.51
207 4757 548.51
78 2282 620.34
253 7604 200.99
40 1659 327.00
12 3610 554.63
215 6481 424.42
273 5973 740.32
277 8748 866.44
237 8596 631.04
168 6259 385.47
3 5755 585.59
178 7206 594.09
135 8440 491.68
220 543 339.42
149 5095 400.65
230 8057 61.13
19 4851 788.40
233 9476 706.73
188 7749 986.42
176 65 790.01
19 6634 961.42
283 2913 885.00
35 9453 882.65
220 4780 507.03
114 635 732.52
65 324 437.24
64 2669 292.13
279 7035 729.08
196 1794 114.33
283 3729 316.90
275 424 840.60
192 2721 824.58
17 7061 775.10
53 7155 507.33
108 6077 634.55
102 797 288.14
21 2620 919.76
129 7924 854.23
234 2590 506.36
167 6300 434.30
232 6583 37.62
11 3558 130.61
197 1724 274.60
241 2836 479.94
57 522 936.60
165 7511 70.20
287 5131 710.88
10 184 737.66
6 5396 317.05
92 1599 326.71
170 8414 394.49
81 4233 131.67
235 9470 448.01
30 2919 540.46
157 2957 116.21
296 3898 470.70
295 9968 101.99
101 1025 956.34
44 2902 124.33
268 4417 569.70
141 7854 943.65
164 2290 780.68
256 7725 278.83
115 1488 802.17
46 1463 281.49
5 8962 168.95
168 8277 78.03
251 5823 18.24
135 2809 241.96
233 3391 408.88
300 2191 270.63
59 5879 322.24
222 6300 542.12
118 2835 882.08
125 2433 946.80
163 6939 844.88
242 7265 213.39
109 6871 117.91
198 9778 987.61
193 6202 10.33
149 870 904.69
71 2098 241.62
129 3802 759.81
194 5686 389.51
147 4777 435.58
19 7442 42.39
23 7466 905.44
219 3324 691.40
245 7324 398.29
173 8044 958.04
96 543 598.70
31 4020 866.50
107 6131 168.40
266 6017 244.24
215 3625 868.66
209 6461 990.13
84 1616 751.22
136 9912 911.53
194 5954 815.53
208 6918 260.34
151 9131 171.36
42 8011 660.22
26 6475 775.68
85 9535 991.40
283 2853 442.63
176 3713 507.25
19 834 820.12
221 6275 495.70
213 2797 970.24
15 3324 474.88
65 2135 806.34
196 8386 343.21
205 9317 759.93
281 2472 254.02
73 8763 785.43
152 5857 743.64
214 2980 296.24
19 8291 78.36
116 9196 789.88
97 860 398.84
236 4186 816.13
300 8924 133.71
34 2749 865.20
258 1938 141.08
95 618 803.04
72 3361 783.75
228 1915 141.27
113 2365 360.79
142 8880 928.06
262 4355 806.38
109 8307 87.03
62 5465 744.26
151 227 544.07
300 2263 295.72
237 839 967.90
116 6485 655.54
11 3985 230.07
119 186 439.39
154 1272 742.92
103 1430 642.45
98 4365 23.77
137 8247 426.83
162 6920 225.63
206 2349 877.64
270 971 584.46
27 1207 853.29
56 8219 164.55
238 4526 379.29
112 7930 471.89
239 1081 248.21
159 7021 805.21
202 7921 370.31
65 692 607.46
190 6635 224.07
43 3856 58.85
183 5369 700.41
200 1487 451.38
179 9585 942.41
113 148 500.16
299 1493 260.78
93 8032 461.30
62 8695 778.39
85 5289 598.65
90 5148 378.13
6 857 169.05
184 4922 883.17
191 1471 8.95
269 8093 422.45
288 2902 238.71
149 3130 650.97
106 822 288.96
178 1712 346.42
237 7380 858.60
294 6160 471.81
88 9822 325.31
231 51 411.20
65 5497 323.66
79 7527 387.51
293 3054 266.46
173 4322 480.73
221 5979 72.31
263 5257 996.99
32 7364 29.88
168 2953 119.04
247 309 621.89
9 1382 372.15
16 9633 796.81
4 8133 670.13
104 1085 503.89
174 2399 323.74
41 382 680.69
153 1033 164.20
182 6011 469.95
226 1165 458.37
262 6573 283.79
85 4825 944.68
204 5972 903.80
79 5761 723.86
206 4958 625.06
286 9313 936.05
148 6048 997.73
63 4131 495.25
62 1003 57.82
237 5401 135.59
180 9704 154.53
16 257 510.11
200 1390 871.06
253 3946 490.13
294 3680 730.60
7 9417 729.35
109 8608 184.05
69 3471 5.62
240 4225 163.26
45 8983 274.01
155 2576 311.92
285 9145 883.01
234 6610 5.92
210 311 10.22
107 7535 792.46
194 7771 893.80
66 3684 786.56
255 1253 706.81
264 920 780.50
197 9612 839.38
241 278 510.33
135 8699 153.34
148 6766 903.80
284 1974 70.74
104 8520 109.50
253 4609 785.49
180 5144 702.68
137 3146 543.32
263 8339 974.98
186 2022 223.75
208 3950 203.33
60 4630 738.12
68 9290 994.50
37 5414 928.43
130 5303 641.26
148 5863 647.55
53 7898 835.31
297 9060 202.50
204 7866 979.72
17 3386 701.71
198 9257 675.77
145 1290 357.16
167 5177 155.37
173 3879 933.35
112 4480 12.28
53 931 676.07
3 121 929.97
164 4942 523.63
5 1775 476.13
129 4396 544.12
195 6449 223.41
31 7027 531.21
76 642 295.94
299 5612 81.68
71 6928 89.00
216 7044 459.83
122 4029 528.84
183 9085 309.05
205 9637 555.07
44 1889 606.46
159 6059 52.40
40 6319 208.00
231 8192 86.83
203 9502 276.25
101 3824 11.63
144 9755 756.38
5 2168 807.06
96 6213 952.73
229 1914 743.75
146 4775 659.73
238 1589 944.55
209 8851 309.70
32 7038 133.26
11 345 686.95
298 4380 910.42
158 3875 676.67
246 1705 970.48
33 667 828.12
256 3357 812.43
45 7235 142.88
89 9173 678.20
54 5132 86.94
264 8977 482.01
131 2976 307.28
105 2010 466.68
154 6588 492.51
217 3777 479.70
172 1568 606.24
52 880 157.60
109 6611 581.78
181 9784 114.94
54 7745 607.23
201 3625 540.16
271 8531 211.19
214 9106 782.63
81 7744 391.48
182 1596 48.36
223 4031 247.98
209 3927 618.76
76 5402 42.23
275 3402 127.56
8 1574 912.80
229 2916 118.41
253 7406 597.34
186 7854 6.17
42 6809 105.88
104 7684 140.61
2 1412 393.60
288 5483 768.81
294 7374 441.33
101 84 537.92
107 7323 624.61
28 2858 847.17
75 5359 113.62
13 6341 439.34
9 5359 569.59
69 9334 457.46
216 197 376.16
155 3268 12.20
175 8196 229.67
34 2086 79.43
192 5320 691.34
159 9322 70.81
199 4759 302.29
29 3961 915.55
43 5757 522.99
151 2686 948.21
204 2563 222.23
233 4942 802.85
293 9003 85.00
32 8424 724.21
66 8907 347.22
295 205 218.85
40 3962 549.15
55 2053 14.20
13 5472 641.22
106 5042 328.17
240 3984 540.00
156 1119 830.29
100 2740 756.50
237 3307 74.11
246 3507 812.36
41 2237 887.60
208 3987 905.44
42 8097 532.88
74 9595 682.95
164 1906 150.04
212 6750 614.34
104 6836 461.61
136 8123 719.41
2 6076 724.07
281 3892 277.98
216 1883 716.23
128 607 947.09
231 6960 162.08
284 9509 197.71
278 1700 396.16
174 6677 67.41
30 5540 101.45
261 7455 172.66
149 6331 172.07
295 7697 57.45
157 1814 731.29
256 8485 993.12
69 5762 12.71
249 3460 73.85
244 5713 716.19
145 2342 901.79
39 6857 827.15
96 1918 645.68
241 8511 439.38
174 8485 458.96
72 3361 789.98
203 6596 86.47
62 5275 90.08
159 8954 164.13
77 1643 774.77
135 5379 858.89
47 5030 82.36
14 709 489.48
70 4903 1.13
110 4760 536.03
49 9722 692.73
280 7968 388.94
217 810 775.83
206 3484 535.39
220 149 620.40
116 6253 33.55
229 7187 774.66
240 7742 278.28
48 8588 706.64
109 1264 333.70
181 7186 457.96
214 3955 534.55
93 1447 988.02
147 1086 189.27
185 7618 117.47
200 6812 919.92
98 5019 175.72
209 6636 374.55
154 4053 876.26
199 1052 800.47
88 7896 282.91
30 2486 197.58
196 4414 97.68
90 84 640.20
289 5205 614.35
63 620 620.10
6 7841 439.80
229 4461 441.57
170 8648 777.18
210 9538 76.98
109 3385 393.53
166 2020 569.33
273 7183 305.56
153 1252 929.30
265 8290 930.59
16 8830 697.59
95 1483 387.64
85 7995 745.74
64 7979 264.36
77 4162 67.87
125 8514 317.38
298 5572 358.83
200 2500 797.25
202 9507 390.69
158 8663 145.58
200 8473 183.91
83 4989 442.22
46 8454 198.75
291 4323 306.28
51 9228 384.02
162 5037 336.26
69 3961 868.62
60 5347 500.53
52 9779 905.87
118 2862 749.17
169 313 591.44
197 1106 327.15
50 6191 777.78
95 3724 700.51
257 3619 990.57
73 1564 799.84
66 3263 144.39
31 7757 623.19
215 6007 569.85
75 8861 555.68
292 5621 254.67
211 866 330.87
141 5443 711.53
150 5744 422.09
200 7715 884.51
213 8409 173.74
33 780 830.40
269 7937 821.30
135 5977 896.72
157 5299 624.31
182 9318 441.05
109 2824 395.62
214 6907 142.80
241 9080 179.75
39 5890 870.00
187 3223 293.48
240 1853 411.49
275 9652 604.50
264 7864 131.99
86 1685 11.11
102 7307 899.33
58 2936 396.43
265 7774 977.84
92 8037 790.69
298 9932 525.19
66 9928 25.99
56 8444 374.02
253 6132 346.52
289 3124 962.53
167 4430 32.55
241 5941 596.42
127 640 763.34
187 4229 147.45
216 337 167.91
284 159 744.20
232 1982 205.33
165 2852 432.65
269 4396 434.34
10 2529 106.91
135 8110 862.43
137 3344 559.07
121 9457 933.65
86 5480 701.42
201 4251 634.74
43 2798 132.44
58 3508 45.33
48 7450 660.62
143 5618 541.76
231 2200 325.31
108 1646 634.19
142 3153 608.24
144 3352 232.02
287 1499 66.68
241 3937 185.98
283 1634 682.19
38 9691 454.39
116 6498 660.46
97 5305 530.28
84 9349 651.71
30 6589 562.41
198 5245 552.07
199 9201 268.05
170 7102 73.69
236 5414 505.27
183 9215 566.89
117 4760 754.92
152 9759 964.48
269 87 860.99
96 5807 239.86
64 9435 165.94
147 3008 527.70
29 9086 328.68
210 3385 595.35
86 6453 572.43
280 7945 61.74
255 4546 64.91
241 9700 608.26
127 6919 702.68
146 1292 838.72
197 3732 369.13
143 4162 594.17
63 7957 945.93
177 1147 798.27
14 9600 773.81
203 5549 713.76
73 7387 308.29
209 9548 998.17
212 8252 360.49
239 1692 330.59
84 56 128.94
52 3512 585.64
123 744 243.23
102 5996 532.05
158 1799 666.08
92 1883 735.85
90 5229 547.53
283 651 968.85
80 8101 662.74
125 4592 995.59
105 5495 777.02
228 3387 220.03
198 3696 674.91
191 731 858.15
13 9983 651.82
44 1437 395.76
94 3510 815.10
219 9846 485.21
131 3664 403.09
124 3696 422.17
273 9021 62.72
79 9954 717.97
75 8805 286.92
183 84 390.83
46 9372 155.60
97 4530 845.51
281 5448 415.76
162 1961 859.68
265 1077 931.09
238 6410 298.82
8 2843 919.83
204 2319 179.14
159 4764 544.82
141 1925 314.91
126 9654 688.38
10 4599 981.55
47 4871 846.44
257 5144 229.32
264 207 823.14
249 2627 74.68
265 8524 818.46
278 1340 714.10
100 1649 205.98
108 1831 378.88
66 8856 877.50
41 7342 680.42
12 405 755.10
152 4781 430.32
22 8783 784.14
170 2432 889.75
62 8241 514.27
140 478 20.96
41 675 146.22
230 5735 701.03
90 6064 834.96
5 3456 214.45
27 4671 723.22
169 8772 986.27
241 5612 595.56
72 4955 502.56
177 999 76.57
107 1244 263.18
37 4542 524.00
132 2408 759.48
183 402 52.86
70 5401 842.35
161 9015 123.80
163 5465 523.28
104 6830 438.98
293 9879 339.69
17 4607 634.34
291 2267 658.47
170 7280 589.52
231 399 118.04
192 6488 444.01
246 1744 587.24
43 8218 445.48
110 5295 154.75
44 6108 91.64
139 267 240.97
60 1899 884.70
198 1202 910.72
47 4933 887.63
79 6057 995.12
176 2429 52.03
175 8337 471.81
73 2231 7.90
84 941 486.66
24 9530 524.69
215 2254 303.72
219 9372 923.65
13 5031 153.69
278 6433 944.75
159 9 965.87
194 9963 291.70
252 6457 681.60
165 8335 329.75
235 5486 364.67
221 1519 97.85
53 1504 717.47
20 603 185.52
122 2770 677.10
142 1985 163.09
107 5945 315.51
197 4020 844.62
175 4332 114.29
254 7658 859.91
24 7596 200.01
3 6286 912.44
94 3330 968.23
240 5076 965.52
279 9139 47.21
273 6759 859.36
93 1282 811.93
283 5350 708.32
95 1940 765.47
266 5136 661.53
5 9181 408.13
258 1845 990.38
68 2107 989.17
221 4511 853.26
284 8472 276.25
6 4060 322.89
114 5153 856.59
196 1235 142.26
300 6365 752.19
29 7926 449.78
89 1540 432.44
239 4088 917.36
294 1897 698.45
281 5200 908.10
266 7245 199.86
60 4258 913.37
110 5142 272.05
104 6568 581.20
57 7986 376.04
259 4378 194.07
35 6433 653.83
111 6991 616.81
71 6259 714.27
167 2332 780.15
299 6121 732.68
31 2350 812.02
227 2492 667.69
292 1935 717.54
90 9049 20.23
169 4181 47.63
23 8380 565.86
72 2534 37.97
85 8203 904.76
188 5993 795.62
291 1548 716.81
50 158 678.38
56 8498 920.14
245 2764 72.95
88 7407 546.27
11 6983 8.94
111 8211 676.98
238 596 619.58
95 370 95.56
180 5327 384.13
204 3352 496.05
213 3553 337.66
162 9950 664.08
191 934 117.27
194 2075 418.24
210 6163 207.51
296 9522 451.15
93 8395 985.36
73 6348 534.43
220 287 185.72
4 1183 756.09
246 1370 137.82
147 2116 785.03
171 6582 901.80
35 2090 549.75
123 3503 854.13
221 6350 263.54
55 8604 974.00
215 4306 328.00
106 9897 459.36
181 4733 888.67
118 1731 617.00
51 245 954.90
127 1697 768.83
224 5066 773.32
21 9435 226.10
157 7884 569.84
128 9544 694.27
206 6729 620.93
238 8648 583.05
246 384 566.60
38 7084 683.01
170 7559 476.31
48 9729 728.42
188 5517 701.43
152 2028 990.72
239 9925 677.14
182 6644 49.54
231 9046 444.87
189 7219 164.26
133 5627 493.37
100 5970 766.76
72 2491 477.91
48 6036 333.04
157 4771 52.22
240 7870 671.64
270 4353 527.85
37 6015 27.29
115 7758 680.08
169 474 213.93
6 5625 361.19
254 3438 202.27
206 5882 534.05
29 7236 961.87
247 5540 509.51
291 7617 522.87
23 6139 324.88
134 1672 889.40
278 1600 225.30
149 9573 49.25
26 1198 327.76
271 8518 520.11
251 3429 226.82
241 2589 601.24
4 1518 900.02
110 8408 287.02
103 6483 255.08
212 20 315.72
242 620 743.33
33 7918 959.79
54 4575 125.32
70 1051 340.51
229 6643 301.76
155 9599 358.74
267 2335 807.61
258 4546 114.65
118 95 603.31
61 6689 74.54
77 7011 391.61
93 4940 28.09
139 1063 86.09
243 3321 346.84
27 3842 165.94
218 2440 147.38
177 716 925.11
277 6096 21.85
187 2816 785.66
143 7501 65.04
214 642 409.06
128 9387 404.14
112 9111 664.41
171 7283 348.52
99 9428 44.48
100 4594 773.40
56 8747 514.51
198 1929 86.49
260 9671 464.55
123 5132 361.98
6 1338 623.18
31 8733 538.36
32 7792 482.28
37 8375 66.55
271 355 825.97
112 3871 383.78
54 5748 745.50
264 521 288.80
136 5785 306.21
129 4716 401.91
259 4198 459.46
84 4194 160.24
163 1865 238.62
190 5635 917.05
290 6766 419.39
29 4522 143.73
214 9821 843.52
182 1444 704.65
261 7455 146.35
82 2498 346.12
274 8034 710.59
266 1850 530.02
209 2461 367.73
193 2770 487.86
128 8888 884.01
218 1395 140.81
54 5978 854.13
139 2274 475.76
202 8532 689.20
41 7046 389.34
158 9570 274.37
243 569 643.96
261 4168 360.84
277 5268 667.35
83 9503 838.68
260 7255 854.15
255 125 545.25
58 2043 624.26
220 5385 136.38
55 2444 803.88
270 2828 952.93
75 8456 968.95
61 1647 41.09
133 4871 446.73
213 7902 753.90
292 5049 225.54
122 7847 981.03
177 9628 221.17
160 8850 928.26
234 8576 57.98
63 6828 538.73
39 9817 316.24
165 3579 242.01
79 2593 993.28
30 1365 101.64
246 3108 281.70
245 3493 560.85
300 596 794.46
132 6753 904.55
6 6348 104.24
20 6485 81.71
36 2800 62.50
41 2718 44.90
170 9708 305.69
271 4941 968.24
19 1314 918.88
141 72 796.50
297 5733 4.44
277 9910 562.73
150 8165 133.59
11 5732 179.06
54 8364 872.64
285 1405 492.68
185 5899 431.28
16 9432 14.67
47 4335 479.50
178 3336 602.39
133 8879 950.50
35 6992 723.65
65 6267 518.24
43 3149 721.48
26 6343 589.83
60 231 585.52
226 8108 835.25
156 8096 521.28
245 5591 686.13
236 7944 686.55
90 9944 747.37
122 7995 191.68
242 4910 449.30
203 6938 958.54
159 7885 624.05
111 9688 167.09
41 8755 26.44
297 557 191.83
100 7933 124.01
159 8560 172.77
76 5567 964.07
147 3671 579.06
32 2403 439.58
115 585 759.96
140 2653 119.01
162 4302 107.13
2 3110 963.23
173 5942 569.80
35 5925 227.96
158 8840 494.86
108 8018 475.35
292 4045 364.14
6 8996 943.39
45 2764 784.01
158 9769 40.91
159 5134 418.36
246 9255 630.63
239 2383 94.41
273 3800 513.75
122 8710 566.93
242 8220 780.68
218 7464 36.46
198 5951 537.97
204 6826 489.35
255 3728 399.54
219 9742 156.97
146 2281 83.07
173 6286 548.28
3 6511 200.73
40 9699 996.36
221 4468 236.61
193 3277 463.01
19 6169 477.18
252 364 506.98
35 7208 951.56
262 7948 469.21
121 957 25.42
236 8221 801.62
259 1804 688.08
78 4431 66.20
98 4148 783.53
178 7712 809.90
86 9773 20.05
198 340 917.39
210 1777 885.08
254 9816 340.03
293 3999 627.03
129 532 346.69
52 6898 245.36
270 6785 729.10
197 6162 627.70
48 931 502.71
51 857 329.46
21 6853 97.49
6 9024 128.28
140 5725 142.50
134 7611 421.74
296 4678 420.29
18 5341 649.88
115 6223 74.58
77 7452 635.99
61 2180 335.29
98 2917 311.98
11 5705 586.68
184 1393 138.17
161 2644 140.54
125 5879 412.01
78 4216 725.40
90 5161 591.91
226 9599 671.08
242 7999 480.30
295 8821 972.41
86 9328 526.51
91 76 14.12
227 8708 866.68
38 6430 689.77
201 760 76.71
162 1785 424.33
178 4635 949.29
174 4713 411.56
58 4435 384.42
171 6128 501.34
108 3735 670.07
76 5782 146.17
111 5367 233.00
49 1508 777.39
273 928 476.62
91 5331 178.26
217 9432 580.51
178 6656 196.87
47 113 696.92
222 2475 116.41
127 8384 556.42
105 398 728.87
113 3670 602.03
84 2404 388.33
278 5645 486.23
221 1336 4.15
124 9394 906.62
19 1448 141.66
201 2150 912.67
137 1346 912.71
73 4406 39.13
61 3134 236.51
268 5373 735.95
181 7385 298.22
76 8407 48.68
204 3299 783.96
295 9557 230.31
15 860 833.41
286 3720 863.99
287 5832 339.53
271 7116 807.89
293 2237 890.33
104 9611 749.31
258 6615 424.04
276 3162 869.26
260 4758 423.31
56 7131 427.31
205 799 764.25
298 3390 917.36
230 7571 408.52
62 3437 390.76
174 2682 997.84
208 1326 365.88
243 6335 503.57
200 9472 248.15
205 9157 65.30
12 8964 851.90
288 102 480.93
3 6636 634.33
295 7219 796.99
221 6936 828.88
223 9421 651.76
186 8751 569.12
200 9631 803.21
293 5986 875.06
116 8634 208.05
33 9115 20.76
269 7741 662.98
289 4319 643.01
139 2777 551.18
170 4597 180.41
10 2578 620.70
232 2957 479.41
260 7462 527.00
103 9297 148.54
175 6751 65.05
245 1132 36.06
289 3500 959.13
191 7116 635.69
154 2501 889.33
7 9236 289.00
273 1785 998.62
62 872 380.33
193 708 689.27
288 2700 569.33
235 6937 209.38
189 4635 566.59
142 5801 846.40
246 3443 420.25
254 3659 799.93
101 5590 230.07
192 6679 564.92
88 8583 445.18
256 4690 720.22
178 9228 695.01
105 6408 925.00
199 8644 819.66
188 3764 240.99
94 1097 325.11
120 3854 519.52
186 637 372.24
214 3486 321.46
42 7634 71.08
85 7333 616.65
246 2720 639.09
184 6220 223.43
108 760 711.54
116 2340 844.04
115 1450 667.20
58 2941 307.44
132 6938 156.17
238 4007 608.53
179 1740 152.95
145 4740 748.18
99 8403 240.74
173 2948 523.96
146 2218 40.40
287 2601 194.72
76 3294 236.58
292 3427 408.01
258 7560 837.68
95 3260 807.80
231 4717 209.15
39 2200 825.44
180 2424 995.07
172 8252 452.81
174 6795 342.17
26 7388 804.67
7 1890 960.15
73 447 269.34
291 2534 271.77
183 2963 738.48
137 8415 175.48
153 5170 864.77
198 159 326.42
271 619 177.32
147 4924 679.81
78 257 166.45
267 838 152.49
230 1593 541.35
162 1566 596.39
175 1099 451.47
41 9712 574.07
58 8524 419.72
126 5580 691.44
37 4740 50.41
291 5775 334.49
195 7786 591.35
36 5706 604.77
251 1350 731.26
46 5347 374.98
75 9163 181.86
297 7569 382.16
241 178 843.84
50 2666 282.75
285 9958 330.79
275 4796 618.23
243 3746 797.37
68 2581 25.47
196 5883 321.13
92 6017 905.78
85 7785 47.45
296 274 888.37
12 1968 599.34
84 8494 163.00
297 6074 922.38
110 7859 273.86
47 7447 367.43
227 643 87.20
17 1815 746.12
48 8091 853.59
279 8553 222.04
42 3279 807.64
248 3460 793.83
164 2820 742.97
264 6348 175.44
51 7525 159.59
2 2234 773.41
68 2095 159.72
135 1891 5.11
262 4545 853.84
83 3242 627.03
264 2463 528.55
274 8486 58.92
154 8255 212.47
256 7777 308.22
232 2279 895.59
171 8196 295.76
121 4279 428.48
73 9968 595.62
153 3434 223.45
113 9505 111.98
46 1183 306.44
195 8567 280.91
235 2008 499.59
35 3960 750.85
111 3733 676.14
242 146 263.29
189 1861 860.55
180 5058 999.11
247 2884 327.24
88 7968 710.57
262 8995 137.47
78 5383 936.03
285 8770 213.47
2 8633 507.82
15 7698 778.88
118 6650 11.46
294 2712 81.46
201 6245 859.93
12 8088 930.94
168 9874 994.14
186 9575 770.67
204 5787 933.89
136 2489 526.84
278 4777 265.26
183 7276 188.29
140 9515 850.62
48 8886 85.90
133 2126 266.46
271 6435 872.66
94 8123 84.97
110 2192 592.85
165 4214 366.74
284 9791 663.69
126 5728 217.80
52 5887 58.91
159 5266 490.97
108 2921 996.11
165 8082 425.28
7 184 436.72
146 1312 567.43
103 5045 813.31
161 766 235.60
93 5740 318.84
273 6470 673.53
179 126 936.06
132 204 739.04
112 7063 813.41
183 5704 110.29
139 7924 642.77
37 4586 848.32
175 4006 291.00
270 1764 74.23
231 5147 234.61
167 2133 418.39
86 9495 224.91
40 9819 728.94
228 5887 994.11
207 2087 638.27
155 8829 460.63
257 6587 113.56
10 7289 899.25
57 4660 962.55
214 5488 219.27
277 7741 291.86
98 8159 810.53
19 4141 523.01
60 938 742.44
95 5380 326.15
125 1644 313.01
97 5997 110.96
161 2027 731.12
195 4414 569.30
272 1999 717.22
177 6225 252.82
3 8033 41.17
119 4935 6.25
259 8572 164.50
163 1653 547.31
114 3831 870.64
77 3236 117.70
223 7488 196.21
277 1615 842.43
7 3079 818.92
244 9483 596.93
105 2515 48.16
54 6487 185.01
232 1064 157.61
136 9493 789.12
236 6940 987.53
190 8869 742.71
62 4062 757.11
286 6657 189.04
116 6708 586.58
262 6243 560.98
126 9555 774.50
38 6531 185.83
213 3263 753.48
241 6970 279.72
124 8680 506.02
64 6509 564.98
27 7328 65.48
87 3013 803.93
298 9468 456.91
162 6261 635.27
227 8959 573.22
185 381 535.98
106 6619 271.67
174 9955 768.00
39 2884 847.94
43 6457 264.72
299 8728 958.25
221 7031 731.92
63 9793 386.42
17 4268 376.49
292 4483 486.22
205 3177 416.50
53 9158 418.12
226 9807 686.50
107 7196 463.44
178 3241 12.25
117 7676 297.76
40 911 520.21
256 8472 862.00
134 6484 183.67
27 6528 726.71
233 6196 97.25
171 9923 944.63
25 279 861.46
77 1229 947.54
169 2483 203.61
253 4288 568.34
158 8405 474.62
115 5720 175.89
161 7530 721.86
28 6079 144.55
123 2851 71.92
214 8917 656.94
252 2146 333.10
101 4498 139.52
80 1747 882.09
192 6346 958.49
3 9054 75.62
92 650 791.75
142 11 315.03
65 6656 121.01
125 5563 395.03
140 6388 301.00
207 5347 784.81
53 8614 512.36
265 7931 556.09
160 4519 739.57
292 8556 155.22
149 8680 194.92
210 71 270.46
273 7143 299.24
197 5913 730.10
164 8400 893.28
107 9805 575.40
138 3559 345.21
175 445 387.71
119 6781 329.90
261 6291 346.70
216 2761 409.04
290 8930 156.34
87 7906 956.37
42 1872 306.53
256 4789 771.31
59 1517 659.59
81 6973 380.31
94 2528 114.78
236 1374 469.45
27 8833 847.05
48 7616 378.29
146 9494 585.94
166 6616 22.54
145 2363 194.33
12 2949 940.36
220 408 769.13
185 85 925.15
165 5430 50.73
35 6240 888.24
260 8259 702.06
248 8038 488.75
57 2630 335.49
41 851 384.86
104 4654 643.59
88 5172 746.09
201 6820 629.25
222 7110 479.08
120 889 650.71
186 1248 198.22
154 1023 913.39
16 3887 637.37
59 4441 983.69
50 8308 140.38
91 6490 864.04
53 2863 511.39
265 6326 128.41
46 5032 254.52
249 8948 668.59
285 154 951.00
234 3274 838.92
206 2984 732.92
28 2207 121.71
288 2266 623.14
47 6391 230.43
183 561 751.14
117 106 195.33
275 7631 353.98
211 7268 830.48
111 6835 42.37
32 7254 359.34
129 6966 772.48
19 9839 83.70
122 9680 505.09
251 4517 469.00
257 5510 576.51
248 2648 863.26
254 6679 380.65
293 1077 125.27
279 7347 10.39
62 4450 64.43
265 416 974.55
282 8718 841.29
236 2087 958.63
81 3359 435.15
183 42 704.44
299 3418 318.45
17 5850 574.34
162 2295 494.57
244 1483 337.99
44 3905 713.96
8 7136 568.11
216 5939 555.21
41 8440 696.66
86 1527 891.12
254 1810 478.52
127 5769 358.09
152 6803 264.98
276 7250 254.84
199 7452 490.58
9 3078 87.58
29 3842 919.95
110 6224 310.84
138 712 837.08
27 8288 983.78
190 3744 451.33
36 4865 675.24
24 5434 134.21
270 2597 494.51
262 917 555.98
40 5273 220.78
80 4930 234.40
261 192 879.70
286 1937 580.75
233 7507 530.45
20 7967 850.82
125 3780 871.06
254 7223 73.95
221 8914 734.12
140 5126 379.71
222 1911 993.22
285 207 126.98
42 1349 889.84
108 3530 707.23
94 9655 628.18
265 9303 877.26
177 6858 354.51
53 8067 34.76
284 3324 391.44
172 9743 736.55
257 6883 914.05
277 676 964.99
187 7392 846.55
92 1322 841.11
103 2249 74.88
88 1977 563.28
249 3511 299.72
159 4736 79.91
127 2050 287.17
158 8281 742.68
133 4858 667.59
23 3496 434.59
203 2306 157.79
184 1571 575.43
70 6182 643.50
30 5087 348.38
53 6061 395.60
242 686 964.13
134 1890 363.20
186 7011 539.21
140 6280 950.75
287 2866 475.99
115 5485 697.56
154 1206 915.44
95 5251 426.16
23 1001 115.12
54 8749 919.50
73 9048 225.63
22 579 641.74
10 4253 134.68
129 6928 125.84
263 8376 375.05
174 6919 509.27
251 4854 899.97
203 722 839.84
285 8276 213.23
293 1669 98.80
141 7520 223.67
47 3249 236.49
133 5851 701.93
268 4568 675.92
198 8055 689.71
6 4836 808.72
56 8900 11.60
43 6015 804.66
280 6515 577.00
6 7584 218.36
175 7648 898.09
198 4176 590.76
240 8447 701.66
170 6701 802.35
194 860 399.43
212 3365 273.89
178 6081 438.33
70 6769 283.37
33 2920 82.44
248 5429 342.77
90 5699 787.11
98 2169 181.89
37 8522 87.66
223 5515 536.36
261 6092 462.49
263 800 65.03
193 3595 675.76
137 5415 917.51
97 8372 748.55
100 9083 283.23
165 5567 283.74
24 219 18.53
60 8533 705.53
226 4414 739.74
210 8998 862.10
169 5216 789.30
32 2079 489.31
207 2496 934.66
151 1824 566.54
62 8556 99.33
145 8788 91.86
158 6018 790.69
132 157 588.02
138 8374 214.86
294 7126 290.38
102 5411 739.01
190 5213 88.82
106 7371 28.34
67 3669 960.10
294 3837 853.16
238 6944 207.42
221 3530 615.48
188 2157 736.78
1
300
1 1 2.73 0.00 31.79 
8 242 1.06 446.78 482.35 106 9.87 53.17 90.01 77 7.43 477.59 540.82 63 6.50 538.44 604.29 292 9.97 535.47 591.92 262 4.33 476.10 523.94 177 7.79 525.21 585.07 183 6.75 514.53 563.87 
4 56 3.10 456.31 511.85 76 5.98 524.66 581.39 67 1.20 877.87 930.80 101 6.04 225.64 290.19 
4 146 3.03 712.68 753.11 111 4.55 594.83 636.73 9 6.34 777.93 811.32 233 1.77 729.13 785.13 
4 46 9.67 1101.53 1157.93 162 4.13 834.26 885.57 201 5.25 912.86 960.17 238 3.97 957.55 1014.53 
4 96 1.52 1225.80 1278.89 141 6.54 1272.23 1316.36 235 7.92 1284.07 1338.92 119 7.73 984.85 1019.11 
4 47 6.89 1505.51 1570.44 86 5.91 1552.14 1618.68 140 8.42 1500.13 1555.69 189 5.87 1578.53 1622.64 
4 270 2.18 1866.98 1914.11 170 1.83 1759.80 1825.10 87 6.37 1620.42 1676.26 206 8.43 2088.51 2131.88 
4 109 8.56 2182.26 2229.05 190 1.90 2227.69 2276.56 266 9.80 2256.07 2313.50 147 4.82 2340.95 2398.75 
4 106 7.35 2524.74 2565.07 177 3.20 2618.38 2661.98 292 9.04 2369.75 2410.46 262 5.41 2726.07 2759.58 
4 192 4.11 2862.25 2921.43 267 9.28 2730.98 2784.26 264 1.01 2564.58 2613.93 54 6.28 2786.52 2821.49 
4 11 3.43 3022.80 3060.36 275 6.62 3116.40 3171.90 237 5.60 2989.90 3040.46 27 5.57 3077.53 3138.63 
4 232 3.52 3379.72 3435.22 203 5.37 3299.36 3359.09 124 7.80 3356.31 3390.28 117 2.94 3509.93 3568.10 
4 75 9.82 3671.19 3724.62 273 6.68 3456.41 3491.01 212 6.18 3693.64 3741.26 51 8.96 3749.01 3788.24 
4 227 2.03 3899.01 3948.25 295 3.53 3815.79 3880.55 13 1.23 4013.82 4048.61 272 9.41 3697.52 3741.27 
4 199 2.22 4032.34 4076.33 172 3.92 4095.70 4143.37 167 9.02 3925.24 3991.18 139 6.50 4034.64 4094.02 
4 176 8.83 4277.46 4336.47 55 1.10 4107.64 4171.21 191 1.86 4275.04 4340.09 30 3.72 4326.12 4376.06 
4 230 2.03 4660.95 4727.59 173 5.32 4590.19 4648.82 197 8.96 4367.45 4422.56 29 4.91 4518.68 4572.99 
4 248 7.12 4986.67 5020.40 155 6.53 4808.05 4853.98 282 3.45 4876.09 4936.38 289 4.31 4805.78 4871.34 
4 280 5.06 5315.38 5355.29 298 2.28 5297.51 5345.39 66 9.33 5093.89 5142.38 290 8.28 4865.12 4908.54 
4 10 9.17 5495.36 5559.29 53 2.03 5571.37 5619.83 82 3.70 5411.29 5454.20 138 2.36 5512.12 5565.06 
1 300 4.13 5947.84 6011.05 
